#SEC	MZ	INT
31.08	111.091700011193	1472.8
31.08	150.031885534858	1357.19
31.08	471.065482894846	569.67
31.08	792.104954634977	1238.2
31.08	859.061508436882	564.929
31.08	922.009824203373	938.235
31.08	986.111265780853	863.375
31.08	1113.14578965472	560.695
32.1	111.091700000019	1198.74
32.1	116.051307668174	1557.88
32.1	122.025770151743	858.953
32.1	150.030542671603	3259.92
32.1	195.008462086973	560.938
32.1	471.065346734396	3228.74
32.1	472.066176521242	939.469
32.1	473.070005847883	533.761
32.1	665.06874757046	637.003
32.1	792.106644832461	6770
32.1	793.110078953753	3219.04
32.1	794.110679974186	1041.48
32.1	922.009798	596.221
32.1	986.109403866913	2544.9
32.1	987.095056387732	1392.45
32.1	988.11043857891	845.019
32.1	1113.14683793619	5266.5
32.1	1114.14663333005	2809.27
32.1	1115.15150162571	1731.04
32.1	1116.15255753526	606.186
32.1	1180.09916163203	694.224
32.1	1307.14195286646	1703.17
32.1	1308.15334476021	1094.04
32.1	1309.14630097574	794.031
32.1	1434.17769341887	1613.57
32.1	1435.19232985432	1038.54
32.1	1436.17773883071	896.664
32.1	1501.15263730339	517.895
32.1	1628.1684653311	768.288
34.2	148.038750073584	136.58
34.2	988.655952142062	117.796
35.22	111.0917	868.451
35.22	116.050779166679	1684.62
35.22	122.023300313475	1501.2
35.22	150.029793083755	7647.28
35.22	471.065628325095	5713.92
35.22	472.072912837002	1359.72
35.22	792.107950286876	14006
35.22	793.110926272056	5571.08
35.22	794.110647220665	2390.59
35.22	795.114625487341	746.919
35.22	922.009798	698.397
35.22	986.108297593261	528.488
35.22	1113.14936210147	12143.4
35.22	1114.15563598277	5797.03
35.22	1115.15172427048	3512.1
35.22	1116.15157951671	1377.57
35.22	1117.14999869323	557.903
35.22	1434.19148502779	4644.11
35.22	1435.19270036592	3163.66
35.22	1436.19272442369	2360.69
35.22	1437.18540929911	1237.79
35.22	1755.21905186625	1610.54
35.22	1756.22753351692	1572.68
35.22	1757.22752144624	1142.48
35.22	1758.21336879727	664.988
37.86	116.048566445964	745
37.86	122.02305151618	976.285
37.86	150.027111011868	5118.57
37.86	471.067252808244	4013.85
37.86	472.072618242775	986.122
37.86	792.110879231742	9912.53
37.86	793.115082517662	4169.16
37.86	794.113228287267	1550.94
37.86	922.009798	812.426
37.86	1113.15740825287	8398.41
37.86	1114.16012883612	5082.77
37.86	1115.15535872528	2872.26
37.86	1116.15627031075	1302.42
37.86	1434.19798884129	3454.79
37.86	1435.20232943336	2607.31
37.86	1436.20181018842	1698.25
37.86	1437.19870188822	776.671
37.86	1755.24074074916	1451.19
37.86	1756.24533714905	1221.75
37.86	1757.24554000773	702.561
40.74	111.0917	681.782
40.74	116.051999251643	640.425
40.74	122.02506424985	882.121
40.74	150.02921170076	3334.06
40.74	471.071883739104	3683.58
40.74	472.075761361044	1177.86
40.74	473.068091083354	557.568
40.74	792.114131071878	7527.03
40.74	793.116189167148	2884.39
40.74	794.113434241984	1431
40.74	922.009798	738.124
40.74	1113.15802592213	7379.27
40.74	1114.16247804695	3977.95
40.74	1115.16163994646	2637.05
40.74	1116.16889506711	996.556
40.74	1434.20538082435	2835.25
40.74	1435.21367852762	2417.42
40.74	1436.20875621169	1639.41
40.74	1437.21593759514	544.188
40.74	1755.24422405966	1078.51
40.74	1756.24713543826	1016.82
40.74	1757.23216330967	755.383
42.84	148.034168190183	174.754
42.84	149.043979322759	111.36
43.86	111.0917	814.876
43.86	116.048714356655	1436.54
43.86	122.023110233529	1178.34
43.86	150.029824365502	6032.18
43.86	151.030804909434	594.728
43.86	471.070251264961	4165.61
43.86	472.072547959136	1019.02
43.86	792.112467864106	10549.1
43.86	793.116997390461	3865.9
43.86	794.11526487285	1765.16
43.86	922.009798	591.568
43.86	1113.15825246088	8939.49
43.86	1114.16377343644	4933.11
43.86	1115.16050268908	3085.18
43.86	1116.16411230553	1316.32
43.86	1434.20445896998	3756.59
43.86	1435.19831345066	2982.12
43.86	1436.20184197554	1583.45
43.86	1437.19632902313	897.759
43.86	1755.252861692	1608.16
43.86	1756.24186159372	920.695
43.86	1757.23491765068	905.685
46.62	111.0917	809.741
46.62	116.050771532861	1506.79
46.62	122.023478414534	1291.6
46.62	150.030176245067	7244.67
46.62	151.030708710812	574.812
46.62	471.069574227854	5986.09
46.62	472.072410953923	1253.88
46.62	716.170567375926	538.984
46.62	792.111855511358	13170.1
46.62	793.117954722646	5533.27
46.62	794.112815867098	2114.11
46.62	795.111199088935	774.948
46.62	922.009798040201	890.8
46.62	1113.1572014423	12722.4
46.62	1114.15577161421	7036.79
46.62	1115.15851475169	3550.03
46.62	1116.1586678178	1427.09
46.62	1117.14737307431	690.725
46.62	1434.20286250587	4471.37
46.62	1435.20488087495	3079.24
46.62	1436.19757651126	2215.52
46.62	1437.19587957184	915.133
46.62	1755.24727582772	1690.95
46.62	1756.23928485239	1639.08
46.62	1757.23744093642	1320.6
32.28	148.04439789381	211.114
33	111.0917	627.165
33	116.048453605522	1817.71
33	122.022507422145	1008.8
33	150.028110394834	5710.24
33	471.066007561954	4472.1
33	472.063031779134	1248.74
33	665.063900305963	599.033
33	792.106364467649	8706.18
33	793.110475413251	3770.08
33	794.112203465581	1792.13
33	795.102652025129	500.915
33	986.110913108866	1229.41
33	987.110108360231	811.903
33	1113.14928702464	6919.91
33	1114.1475280265	4180.83
33	1115.15347747028	2620.98
33	1116.14139904907	979.565
33	1117.15782915878	508.057
33	1307.15250990307	982.334
33	1308.14817389026	710.973
33	1309.15567159846	684.782
33	1434.18825905175	2810.4
33	1435.19219391598	2135.21
33	1436.18562154022	1297.9
33	1437.19877135814	694.053
33	1755.23195005092	926.369
33	1756.24087842016	890.735
33	1757.24727906766	503.006
35.28	122.022262454995	435.447
35.28	148.033825308965	231.406
35.28	1514.46615096371	102.059
35.94	111.0917	675.469
35.94	116.049589483384	1623.65
35.94	122.024004945736	1667.28
35.94	150.03127119126	4096
35.94	471.070260341994	3964.02
35.94	472.072800976974	1143.63
35.94	792.116132856135	8655.27
35.94	793.121894449605	3675.17
35.94	794.122703576426	1509.03
35.94	922.009798	585.266
35.94	1113.16400904842	7270.01
35.94	1114.16539278693	4010.06
35.94	1115.16850737898	2221.51
35.94	1116.16800196464	976.389
35.94	1434.20615801838	2730.1
35.94	1435.20939149045	1728.85
35.94	1436.20887943575	1408.17
35.94	1437.19742511345	526.058
35.94	1755.2441170975	798.754
35.94	1756.24769490145	894.009
35.94	1757.26002436976	631.48
35.94	1758.23784696923	565.284
38.22	120.038240441478	102.125
38.22	122.023643176124	138.362
38.22	148.039209711348	158.388
38.94	116.045763348734	1197.55
38.94	122.019658610285	900.117
38.94	150.025783737262	2452.39
38.94	471.062674849507	3525.54
38.94	472.063782126424	898.54
38.94	792.102345804153	5913.88
38.94	793.103564338816	2686.36
38.94	794.105682324105	1217.2
38.94	1113.14121239644	6240.17
38.94	1114.14722361288	3061.72
38.94	1115.14687497329	1536.5
38.94	1116.15632591404	878.585
38.94	1434.18363802866	2629.88
38.94	1435.19289863453	1661.81
38.94	1436.19080284477	894.142
38.94	1755.22403800028	757.619
38.94	1756.21768730163	755.184
38.94	1757.22557969262	606.073
41.22	148.032911686344	170.049
41.22	157.076732310546	107.471
41.22	733.388522631048	259.943
41.88	111.0917	626.002
41.88	116.049491677801	824.633
41.88	150.028753283474	3151.41
41.88	471.069989085017	2551.23
41.88	472.068265998269	640.613
41.88	792.112559011208	6135.93
41.88	793.114545612026	2101.71
41.88	794.11220480107	1309.36
41.88	1113.16029834652	5488.38
41.88	1114.16337376936	2819.25
41.88	1115.15905220873	1764.14
41.88	1116.15506367809	663.005
41.88	1434.19565491934	2640.29
41.88	1435.20203129889	1852.05
41.88	1436.1990695003	1144.56
41.88	1437.19922416496	619.82
41.88	1755.23933854246	834.112
41.88	1756.24685014673	856.512
41.88	1757.2511717563	517.98
44.16	122.021164345849	167.001
44.16	148.038719208199	104.762
44.88	116.050637965862	1404.72
44.88	122.023282545668	884.031
44.88	150.031136200684	4586.59
44.88	471.072066725345	3700.59
44.88	472.077847207163	1225.33
44.88	792.119804921564	8606.08
44.88	793.125986261475	3446.99
44.88	794.11808160734	1905.29
44.88	1113.16369450005	7016.68
44.88	1114.16324709667	3953.3
44.88	1115.16308781988	2342.43
44.88	1116.17282561978	804.614
44.88	1434.21044800751	2348.76
44.88	1435.22303226017	1891.78
44.88	1436.20711713873	1278.77
44.88	1437.22399014826	656.19
44.88	1755.25550499332	879.64
44.88	1756.2521629572	797.424
44.88	1757.24549430701	678.524
47.1	122.031161597076	139.799
47.1	125.810668607015	144.38
47.1	148.040994645471	177.939
47.1	416.871293517727	224.512
47.82	116.048893949376	1373.04
47.82	122.024589444327	842.968
47.82	150.028368211358	5233.98
47.82	471.063895622121	3906.47
47.82	472.068004009985	903.982
47.82	716.175805498194	587.607
47.82	792.105379406492	8951.97
47.82	793.107222841172	4162.66
47.82	794.10847216966	1510.12
47.82	795.109320754266	571.033
47.82	922.009798	660.718
47.82	1113.14364421306	8495.29
47.82	1114.14674519111	4577.62
47.82	1115.14272372677	2847.25
47.82	1116.14430455478	943.58
47.82	1307.13161097761	520.843
47.82	1434.18161000964	3292.22
47.82	1435.18263611262	2145.01
47.82	1436.18380822439	1348.9
47.82	1437.18795959332	816.929
47.82	1755.21702653649	1160.69
47.82	1756.21497161352	819.408
47.82	1757.2180280757	892.99
31.62	111.0917	2116.27
31.62	116.051563505401	1139.57
31.62	150.030756745847	2351.64
31.62	195.00871164756	575.348
31.62	471.071185509616	1783.75
31.62	665.06878582801	685.156
31.62	792.108358779906	2553.64
31.62	793.109853277998	1061.48
31.62	794.103309004047	509.471
31.62	922.009798097479	1440.12
31.62	986.114367555688	1591.72
31.62	1113.14708900256	1184.09
31.62	1114.15976607601	552.267
31.62	1307.1456244015	540.284
34.08	75.0217864896569	106.066
34.08	122.02275567705	436.208
34.08	148.036285783756	209.042
35.16	111.0917	558.982
35.16	116.050823604798	1741.25
35.16	122.025540778065	1796.42
35.16	150.031567543136	7668.24
35.16	151.034089105311	992.153
35.16	471.068625222038	7095.92
35.16	472.06980944381	1790.89
35.16	473.06183081215	664.671
35.16	792.110843397256	15260.2
35.16	793.111661923991	5882.96
35.16	794.108700001418	3148.27
35.16	795.115079651935	881.088
35.16	922.009798000131	787.585
35.16	986.108381839403	1009.28
35.16	1113.1486458832	12734
35.16	1114.15236565996	6607.72
35.16	1115.14724409695	4436.94
35.16	1116.14981954148	1589.94
35.16	1117.15432748395	575.827
35.16	1307.1300537185	553.653
35.16	1434.18684822445	4653.91
35.16	1435.18894128073	3670.89
35.16	1436.19283958924	2307.61
35.16	1437.18434228384	1001.07
35.16	1755.22179153017	1506.35
35.16	1756.22351601864	1500.96
35.16	1757.23392156798	1403.83
37.62	148.037746515878	152.579
38.7	111.0917	596.606
38.7	116.049135308252	1127.95
38.7	122.024065416048	885.61
38.7	150.029824055041	5380.48
38.7	151.032994599289	575.675
38.7	471.068867308908	4976.61
38.7	472.073462936552	1504.05
38.7	792.1074200597	10167.5
38.7	793.109702002004	3969.89
38.7	794.11289991269	1798.05
38.7	922.009798	824.545
38.7	1113.15169929084	8247.01
38.7	1114.16124057097	4132.45
38.7	1115.15231618609	2854.94
38.7	1116.14891372009	1120.95
38.7	1434.19609357466	3563.39
38.7	1435.18945646238	2785.57
38.7	1436.20137932842	1751.31
38.7	1437.20281350595	943.655
38.7	1755.22730200755	1445.67
38.7	1756.23701061266	1214.21
38.7	1757.23722027946	1150.89
41.16	148.036883602338	219.455
42.18	111.0917	989.308
42.18	116.047859135809	941.097
42.18	122.020362445312	944.756
42.18	150.027671799374	5149.67
42.18	471.065977318747	4155.22
42.18	472.066261154901	867.762
42.18	792.111812338832	9584.04
42.18	793.11382871675	4335.18
42.18	794.10937035147	1559.65
42.18	795.11245267218	689.504
42.18	922.009797845999	713.443
42.18	1113.15469644334	8281
42.18	1114.15775755128	4865.7
42.18	1115.15642497507	2798.67
42.18	1116.15657617334	905.543
42.18	1434.19573451372	3852.18
42.18	1435.20326324605	2222.54
42.18	1436.19715762655	1674.35
42.18	1437.20142029317	803.481
42.18	1755.22932850411	1081.68
42.18	1756.24333510478	1017.52
42.18	1757.23122949361	967.325
42.18	1758.22797540848	568.222
44.7	150.030025394838	111.336
45.72	111.09170000032	1267.64
45.72	116.050731735348	2224.91
45.72	122.023838973002	1884.66
45.72	150.0298680804	7291.48
45.72	471.073677849954	5363.23
45.72	472.077895673772	1454.19
45.72	792.12195210982	11813.7
45.72	793.125076522164	4519.05
45.72	794.116523616657	1896.9
45.72	795.118055750091	698.864
45.72	922.009798	1038.94
45.72	1113.16844828046	10383.1
45.72	1114.17515588816	6097.77
45.72	1115.17450457537	3729.27
45.72	1116.16999884586	1201.63
45.72	1434.21895274875	4172.9
45.72	1435.21022992026	2933.49
45.72	1436.21880567413	1916.17
45.72	1437.21909118798	971.208
45.72	1755.25974116331	1412.16
45.72	1756.25820899822	1308.13
45.72	1757.25517457276	1210.95
45.72	1758.24683418987	520.327
32.16	92.0257761729256	109.023
32.16	121.032865024305	105.033
32.16	122.023210505436	1417.07
32.16	150.027866446607	3001.44
32.16	151.034170768988	127.018
32.16	471.069876712341	909.055
32.16	472.07760880323	208.108
33.18	111.0917	782.504
33.18	116.050972339819	1903.39
33.18	122.026271467049	1215.17
33.18	150.030128779099	5658.73
33.18	471.06843105657	5649.78
33.18	472.07100599765	1351.93
33.18	473.069032534379	506
33.18	665.066562302844	588.195
33.18	792.11264082623	11280.7
33.18	793.11484946609	4431.73
33.18	794.108373016044	2148.15
33.18	795.115336312133	520.887
33.18	922.009798018855	1097.54
33.18	986.116834412719	1794.73
33.18	987.121796581038	1080.34
33.18	988.107320366375	722.02
33.18	1113.15763740758	10410.5
33.18	1114.15792499227	5816.68
33.18	1115.15922024737	3434.36
33.18	1116.15885696217	1390.08
33.18	1117.14557771544	539.736
33.18	1307.15382717836	1247.4
33.18	1308.15271547326	779.442
33.18	1434.19598210213	4040.15
33.18	1435.19843244642	3001
33.18	1436.19393695255	2224.57
33.18	1437.20831343964	622.086
33.18	1628.20367483839	656.388
33.18	1755.23687560908	1296.57
33.18	1756.23434785883	1251.79
33.18	1757.25460323236	803.129
33.18	1758.23856130253	632.816
35.7	1964.29833208012	255
37.2	122.023922010739	2063.73
37.2	123.032298713109	216.483
37.2	150.030651221648	5087.36
37.2	150.131151675341	125.095
37.2	151.036257496605	249.893
37.2	471.069956543504	1586.71
37.2	472.069420401434	358.671
38.22	116.117874686491	622.954
38.22	122.090619938571	956.243
38.22	150.094692486229	5698.8
38.22	471.033358071273	3931
38.22	472.039760251323	859.422
38.22	791.941878119022	8085.47
38.22	792.942036644277	3607.61
38.22	793.940847901863	1502.22
38.22	1112.82502076384	9367.72
38.22	1113.82982271224	5058.64
38.22	1114.82541911001	3193.01
38.22	1115.82751415391	1230.4
38.22	1433.70426014045	3305.67
38.22	1434.70487430668	2613.34
38.22	1435.69608404273	1600.96
38.22	1436.71194105328	1023.21
38.22	1754.56038376086	1368.33
38.22	1755.5621572506	1295.41
38.22	1756.57995896686	624.041
38.22	1757.57438468069	642.297
42.18	122.093182330722	1817.79
42.18	123.095668712941	248.734
42.18	150.095039271028	2942.57
42.18	151.100829738539	401.231
42.18	471.036344615281	927.116
42.18	472.040298714589	279.935
43.26	116.047190279027	1047.84
43.26	122.017194735954	1000.82
43.26	150.001687661628	4791.33
43.26	470.74421956293	3412.49
43.26	471.740964443099	1097.66
43.26	791.445383071997	8988.69
43.26	792.440827234282	3682.25
43.26	793.443916873233	1575.52
43.26	1112.13257228866	8344.08
43.26	1113.13694645854	4731.34
43.26	1114.13975388601	2463.47
43.26	1115.12003588883	900.174
43.26	1432.80654319501	3266.54
43.26	1433.80104624782	2365.4
43.26	1434.8073724502	1721.09
43.26	1435.80047766863	941.01
43.26	1436.80727931372	640.284
43.26	1753.46404173528	1262.89
43.26	1754.46976542304	1132
43.26	1755.46400883838	812.513
45.72	122.013742127769	111.042
45.72	1981.33942825284	238.497
47.22	75.0441958138098	151.679
47.22	92.0378965266106	208.133
47.22	122.016793691988	2565.08
47.22	123.018355108859	164.535
47.22	150.001902992562	5306
47.22	150.107984899542	147.389
47.22	151.00187553494	397.441
47.22	321.867515778063	115.333
47.22	470.742519100642	1684.47
47.22	471.73955470745	448.127
47.22	1560.22561674077	135.918
31.08	161.12146085851	126.481
32.58	92.0260535934898	102.333
32.58	93.023482799246	109.167
32.58	122.024511561079	2391.14
32.58	123.027878506766	114.965
32.58	149.034677196889	163.042
32.58	150.030062637003	4659.21
32.58	151.030856370532	620.662
32.58	152.039061964309	100.723
32.58	322.048964548773	121.002
32.58	471.072558626236	1974.82
32.58	472.063591319423	360.515
32.58	473.060365613321	121.25
32.58	1630.34748995414	191.188
33.6	107.014632833742	666.33
33.6	111.0917	1123.48
33.6	116.050830946589	2606.2
33.6	122.023151411272	1868.06
33.6	150.03002634284	10036.2
33.6	151.031448106418	755.438
33.6	471.064261806185	8079
33.6	472.065924067477	2182.35
33.6	473.066425174908	610.963
33.6	792.103804758307	16493.8
33.6	793.102706926117	6185.06
33.6	794.104167975818	3451.11
33.6	795.096383207965	882.051
33.6	922.009798212754	1067.03
33.6	986.101149359518	1347.34
33.6	987.100351973966	813.03
33.6	1113.14006097556	11451.5
33.6	1114.14297217376	5659.12
33.6	1115.14331064807	4272.49
33.6	1116.14158242688	1675.79
33.6	1117.14050588229	585.206
33.6	1307.13750753015	1207.61
33.6	1308.14468303892	874.163
33.6	1434.17519996557	4638.88
33.6	1435.17091325014	2989.71
33.6	1436.17570447167	2318.21
33.6	1437.17703940375	1098.19
33.6	1628.18204315994	740.593
33.6	1755.21240544541	1980.78
33.6	1756.20865313426	1700.05
33.6	1757.20802422093	961.021
33.6	1758.18457561122	644.633
36.12	92.048555582714	131.39
36.12	148.035811659505	105.885
37.62	75.0246236268823	198.321
37.62	92.0223946014516	127.256
37.62	122.024370280573	2427.08
37.62	150.029755860655	4753.02
37.62	150.13379778564	129.125
37.62	151.031403339836	456.92
37.62	471.064404279464	2140.4
37.62	472.062527766651	414.211
37.62	473.063907373154	150.742
37.62	1161.78034564709	122.087
38.64	111.0917	813.014
38.64	116.047397622582	785.853
38.64	122.023150349234	1233.01
38.64	150.028901592835	5563.31
38.64	471.068063787655	4366.03
38.64	472.072708091585	1171.79
38.64	792.111944711759	9844.95
38.64	793.115278403029	4234.53
38.64	794.111472321105	1841.91
38.64	922.009798	960.017
38.64	1113.15672767684	9581.05
38.64	1114.16275670218	5139.5
38.64	1115.15900956024	2358.97
38.64	1116.14880785621	1210.7
38.64	1434.20397139914	3524.56
38.64	1435.20628828441	2782.4
38.64	1436.20264648417	1520
38.64	1437.20323895435	894.622
38.64	1755.24564626805	1107.42
38.64	1756.23947283511	1206
38.64	1757.23856489947	1296.51
41.16	148.040478816775	136.006
42.66	122.023279536451	1893.2
42.66	123.031238360306	118.248
42.66	150.029098091785	3060.01
42.66	151.029214494343	344.547
42.66	272.58102652999	202.717
42.66	322.047107249551	150.4
42.66	471.06963215638	1077.1
42.66	472.065948196125	308.01
42.66	473.066853795744	190.911
42.66	718.401774247805	185.722
43.68	111.0917	805.133
43.68	116.048038790852	1430
43.68	122.023130893256	1001.68
43.68	150.028256844179	5941.78
43.68	151.028181604805	812.915
43.68	471.068514217102	4877.34
43.68	472.06762297942	1198.9
43.68	473.067011328645	627.302
43.68	792.116587415075	9990.93
43.68	793.117150787358	4275.68
43.68	794.113543659533	2277.34
43.68	922.009798	901.664
43.68	1113.15915627817	9538.56
43.68	1114.16594310319	5352.85
43.68	1115.15910276898	2996.41
43.68	1116.16391976005	1108.03
43.68	1434.20267467848	3955.84
43.68	1435.21215558013	2817.35
43.68	1436.20244368572	1654.73
43.68	1437.20847955131	901.363
43.68	1755.24839785633	1369.96
43.68	1756.25694339448	1329.71
43.68	1757.25215875682	925.752
46.14	92.0508519420417	109.556
46.14	122.023856958536	110.76
46.14	148.040820107921	147.04
47.64	75.0196542451352	173.344
47.64	92.0236450844654	217.326
47.64	122.023038862413	2521.86
47.64	123.027009144647	235.531
47.64	150.02743070844	5438.69
47.64	151.030003682356	525.751
47.64	471.069230551347	1681.63
47.64	472.064642563033	436.468
47.64	473.065639125676	372.87
47.64	474.068188703873	115.625
31.56	153.068597800103	128.559
33.06	74.0142877931457	157.819
33.06	122.02260905317	1953
33.06	150.029578963986	4914.82
33.06	150.13205991375	156.016
33.06	151.032782578748	230.817
33.06	322.049356385265	121.008
33.06	471.06864130448	1818.62
33.06	472.077029141821	221.082
33.06	473.071257311443	162.125
34.08	111.0917	852.41
34.08	116.049613737583	1492
34.08	122.022874840542	1451
34.08	150.029730253268	6657.49
34.08	151.033571450148	570.124
34.08	471.066008552175	6294.35
34.08	472.068342531852	1532.45
34.08	473.067089138331	601.72
34.08	792.102804336105	14068.2
34.08	793.103180107643	5153.15
34.08	794.105447576768	2549.96
34.08	795.102135952842	684.556
34.08	922.009798	568.129
34.08	986.103863887977	982.877
34.08	987.098983140335	727.483
34.08	1113.14150477759	11906
34.08	1114.14812953054	5777.17
34.08	1115.14816429074	3871.45
34.08	1116.142914711	1560.04
34.08	1117.15958777148	537.123
34.08	1307.13303795103	667.122
34.08	1434.18142539292	5066.58
34.08	1435.18108819553	3532.09
34.08	1436.18363851877	2366.53
34.08	1437.19236108096	1199.13
34.08	1755.21428713742	1965.24
34.08	1756.214841881	1396.19
34.08	1757.21247198215	926.438
34.08	1758.22799002719	598.375
36.54	92.0481344919672	106.432
36.54	122.034182740031	125.615
36.54	148.0316111226	101.679
38.04	92.0241181869525	125.86
38.04	122.023904184411	1998.48
38.04	150.029283623323	3583.77
38.04	151.031629658504	320.027
38.04	471.06509126374	982.334
38.04	472.068997570356	340.845
38.04	473.071027871547	149.519
39.12	111.091700000041	899.605
39.12	116.051236188964	868.018
39.12	122.02609790224	907.86
39.12	150.031886015854	4078.26
39.12	471.072655615569	4022.91
39.12	472.07284134781	1338.73
39.12	792.119430829805	7955.85
39.12	793.118544642083	3110.49
39.12	794.114812788469	1755.71
39.12	795.127872790353	554.661
39.12	922.009798	888.281
39.12	1113.16723170556	7638.77
39.12	1114.16254325635	4408.35
39.12	1115.16523965858	2803.04
39.12	1116.16338103998	918.464
39.12	1434.20502631559	3434.08
39.12	1435.21389799494	2678.66
39.12	1436.21314520504	1538.47
39.12	1437.2073331725	806.868
39.12	1755.25885977136	1281.88
39.12	1756.26154163395	1233.51
39.12	1757.24821361789	953.778
43.08	92.0268476493103	196.38
43.08	122.027634101266	1954.62
43.08	123.030687265487	111.644
43.08	150.031589425851	4051.38
43.08	150.136448015694	104.98
43.08	151.032489367788	346.373
43.08	322.044358273669	132.531
43.08	471.077387927228	999.002
43.08	472.071176004499	399.353
43.08	473.076647567485	137.132
44.1	111.0917	1177.85
44.1	116.049482325492	1256.33
44.1	122.023737341432	927.646
44.1	150.029910393358	5231.71
44.1	471.065389351057	5654.1
44.1	472.067896753677	1213.5
44.1	792.10239783573	10043.4
44.1	793.103451726895	4154.83
44.1	794.101023754213	1746.66
44.1	795.103130949046	584.557
44.1	922.009798	600.511
44.1	1113.13976957091	8624.4
44.1	1114.14539752977	5834.6
44.1	1115.14050108738	3248.02
44.1	1116.14305313603	1041.63
44.1	1434.18038863559	4145.44
44.1	1435.18213472751	2921.58
44.1	1436.18466866217	1670.5
44.1	1437.16999769069	708.503
44.1	1755.21477912283	1326.17
44.1	1756.22499628094	1177.03
44.1	1757.21962492168	874.197
44.1	1758.20546665787	579.095
32.28	75.0248546402127	130.446
32.28	92.0271327594572	209.096
32.28	121.02948955433	107.211
32.28	122.022667535034	4574.04
32.28	122.115829505892	132.231
32.28	123.026481407523	307.878
32.28	150.029301000416	2463.94
32.28	151.032634623771	144.375
33.36	107.013011756127	542.508
33.36	111.0917	1361.31
33.36	116.048285304782	2701.19
33.36	122.022630410102	1835.21
33.36	150.029232937629	8915.36
33.36	151.02926426346	657.099
33.36	471.067307002329	7186.55
33.36	472.069498046206	1742.07
33.36	473.064030038975	739.958
33.36	665.06671281832	719.244
33.36	716.172862666145	596.01
33.36	792.111427470081	15792.9
33.36	793.111578440406	5553.36
33.36	794.110759814087	2698.73
33.36	795.108859097654	760.679
33.36	922.009798000017	1685.45
33.36	986.112430968907	2178.68
33.36	987.117988319298	1236.24
33.36	988.096712241134	635.147
33.36	1113.14960276091	12186.4
33.36	1114.15525693398	6826.42
33.36	1115.15270657497	4132.55
33.36	1116.15036003964	1449.86
33.36	1117.16206269551	560.721
33.36	1174.09382872806	516.41
33.36	1307.16161951184	1238.18
33.36	1308.1458955033	882.563
33.36	1309.16209136666	620.71
33.36	1434.18990955636	4442.03
33.36	1435.1989152285	3101.61
33.36	1436.19998121142	2075.16
33.36	1437.19613393793	945.11
33.36	1629.18705652902	508.855
33.36	1755.23336371367	1934.52
33.36	1756.23759345056	1259.33
33.36	1757.23513177724	1278.96
33.36	1758.23527238208	646.259
35.82	75.025104819065	101.333
35.82	120.042446891076	109.474
37.32	91.053119039854	116.634
37.32	92.0254953438482	358.828
37.32	122.022612067963	6199.69
37.32	122.117984456702	120.397
37.32	123.023977318503	376.015
37.32	150.028854933498	3400.65
37.32	151.028735969572	287.467
37.32	203.020652251151	255.284
38.4	111.0917	893.456
38.4	116.04995498896	1069.02
38.4	122.02121865897	1087.92
38.4	150.030000990049	5124.91
38.4	471.068401750365	4732.21
38.4	472.068780951405	1204.78
38.4	792.108161259977	11034.7
38.4	793.11333652709	4636.88
38.4	794.110428430344	1609.9
38.4	795.103846615739	515.284
38.4	922.009798	564.042
38.4	1113.15138180698	9597.14
38.4	1114.1573559513	5950.29
38.4	1115.15576270939	3116
38.4	1116.1604841896	1127.58
38.4	1434.19686457144	4069.25
38.4	1435.19702397615	2716.55
38.4	1436.18798752594	1519.8
38.4	1437.18591534291	882.007
38.4	1755.231835887	1368.19
38.4	1756.23721855917	1313.19
38.4	1757.23745015025	859.914
40.86	92.0507704899404	139.689
40.86	1584.98986068622	231.864
42.36	75.0228669347794	206.868
42.36	92.0260739800346	164.324
42.36	122.0236671166	5143.5
42.36	122.117163368578	132.115
42.36	123.026554083507	546.237
42.36	150.029300768753	2556.56
42.36	151.030023536938	181.202
43.38	111.0917	845.017
43.38	116.049473845224	1271.63
43.38	122.025137469931	1409.69
43.38	150.030918743287	6111.44
43.38	151.031006661444	614.767
43.38	471.067701988121	4423.01
43.38	472.073476215319	1299.98
43.38	792.109382811357	11187.1
43.38	793.114584457727	4729.92
43.38	794.108501589682	2105.63
43.38	795.105478795466	552.333
43.38	922.009798	825.513
43.38	1113.15179207189	9921.65
43.38	1114.15436660266	5725.45
43.38	1115.15240095	3355.04
43.38	1116.15549106479	968.198
43.38	1434.18968926823	3926.09
43.38	1435.19719446134	2802.61
43.38	1436.19243074406	1695.03
43.38	1437.19670141972	713.411
43.38	1755.23061161652	1317.96
43.38	1756.24754059211	1472.36
43.38	1757.24537525738	913.383
43.38	1758.24609650411	613.804
45.9	92.0488970620177	100.25
47.4	75.0250498605423	178.272
47.4	92.0254356586972	270.071
47.4	112.471529488372	282.627
47.4	122.025315967142	6809.42
47.4	122.118423918497	146.17
47.4	123.026299326822	884.716
47.4	150.029872010526	4892.19
47.4	151.035248690285	281.912
31.56	148.037254174633	165.634
31.56	152.058323670388	116.838
31.56	154.061682285999	112.042
31.56	353.847675867192	114.158
33.06	64.0278302680468	106.007
33.06	75.0258207956278	144.469
33.06	92.0267906402577	153.509
33.06	122.024689026303	3050.21
33.06	123.027735384743	491.594
33.06	150.031268393123	6955.8
33.06	150.135851035096	162.796
33.06	151.031393413615	259.287
33.06	382.236329634172	144.632
33.06	471.069047413554	1193.23
33.06	472.072476563776	300.932
34.08	111.0917	816.877
34.08	116.048443354046	2189.63
34.08	122.023790051214	2053.57
34.08	150.028872068435	8020.47
34.08	322.045440367739	593.383
34.08	471.067247627012	6617.34
34.08	472.069491993394	1308.56
34.08	473.06853499447	707.654
34.08	792.109746848764	15213
34.08	793.115371712271	6290.69
34.08	794.110587850589	2738.08
34.08	795.104911488923	705.651
34.08	922.009798090403	1058.02
34.08	986.108157263274	915.679
34.08	1113.15236036021	12565.1
34.08	1114.16306965148	6112.03
34.08	1115.15496757348	4377.48
34.08	1116.16097001241	1321.13
34.08	1307.1682821149	670.332
34.08	1308.15213540652	523.451
34.08	1309.14176875368	540.053
34.08	1434.1988808157	4677.17
34.08	1435.19393831356	3423.75
34.08	1436.19713160515	2063.9
34.08	1437.19691149388	1060.33
34.08	1755.22546095813	1703.18
34.08	1756.2373182435	1428.16
34.08	1757.24808121728	1081.53
34.08	1758.23867952004	775.208
36.6	122.022494989402	174.375
38.1	122.023275376814	2964.41
38.1	123.02920935487	186.302
38.1	150.028923359646	5731.63
38.1	150.131411663948	137.236
38.1	151.02962922541	606.124
38.1	471.06884978945	1039.21
38.1	472.073791630164	287.534
38.1	1650.20012501795	100.25
39.12	111.0917	896.87
39.12	116.050509863772	1317.16
39.12	122.023827233157	1044.69
39.12	150.029107027263	4890.62
39.12	471.070174456129	5565.16
39.12	472.071951483813	1222.41
39.12	792.112406430829	9582.11
39.12	793.114836993884	4279.86
39.12	794.110417393732	1506.51
39.12	922.009798020048	1082.58
39.12	1113.15658581389	8368.2
39.12	1114.15846950467	4158.81
39.12	1115.16110742077	2512.05
39.12	1116.15712217581	904.33
39.12	1434.19150104137	3059.24
39.12	1435.20281228037	2905.6
39.12	1436.19318071688	1544.37
39.12	1437.19646927116	826.27
39.12	1755.23230814579	1100
39.12	1756.23322116656	1284.03
39.12	1757.22970528498	904.042
41.58	122.023257079765	156.237
41.58	148.037798079431	150.391
43.08	75.0233369718987	384.522
43.08	122.023148479678	2576.04
43.08	150.029211734321	5202.21
43.08	150.133162157908	110.568
43.08	151.031969575728	538.962
43.08	471.068581526249	651.481
43.08	472.070027628239	218.886
44.16	111.0917	1165.05
44.16	116.048648824064	1441.34
44.16	122.023449865267	1606.69
44.16	150.029159198681	6749.27
44.16	151.032360711814	575.36
44.16	471.069256899966	5567.21
44.16	472.072110411184	1354.01
44.16	792.112165280751	12516.9
44.16	793.113671490127	4641.18
44.16	794.111710367085	2216.42
44.16	795.109889399113	608.32
44.16	922.009798	1040.34
44.16	1113.15477389809	10758.4
44.16	1114.15664530868	5506.38
44.16	1115.15903645328	3260.66
44.16	1116.16206344842	1187.4
44.16	1434.19481285671	4608.41
44.16	1435.1922512569	2667.61
44.16	1436.19192836921	1931.57
44.16	1437.18832230789	972.124
44.16	1755.23499266126	1492.07
44.16	1756.23487730576	1477.19
44.16	1757.2454724244	945.653
46.62	122.021905041215	263.044
32.16	75.0246161107628	352.812
32.16	76.0256783256255	155
32.16	92.0259533831294	577.324
32.16	122.025191856244	4658.31
32.16	123.03098300158	246.078
32.16	150.029574049507	620.877
33.24	111.0917	681.447
33.24	116.047949447379	2053.84
33.24	122.017935190712	1164.47
33.24	150.002764104943	7490.55
33.24	151.005039015891	513.12
33.24	470.747497517487	6872.41
33.24	471.746209556224	1232.82
33.24	472.74387158808	675.869
33.24	791.450624876985	12662.7
33.24	792.45469429181	4972.02
33.24	793.450664553593	2567.01
33.24	794.450971552836	701.483
33.24	985.235358807858	1857.59
33.24	986.242378556308	838.055
33.24	1112.14188354523	11937.1
33.24	1113.1400619865	7099.11
33.24	1114.14130279327	4060.12
33.24	1115.13999506659	1607.79
33.24	1305.92553155026	1414.85
33.24	1306.92270705375	767.562
33.24	1307.91543600544	656.4
33.24	1432.81294379029	4622.68
33.24	1433.81361126575	3415.58
33.24	1434.820383233	2194.82
33.24	1435.81263058345	956.255
33.24	1436.82191872173	526.715
33.24	1626.59843965868	785.344
33.24	1753.48834942466	1608.41
33.24	1754.47872941137	1433.79
33.24	1755.49237904065	967.378
33.24	1756.50121388362	556.352
35.7	55.0506468313136	107.103
35.7	75.0437760760965	178.019
37.2	75.0457942490822	626.784
37.2	76.0457722045055	109.237
37.2	92.0417499387829	401.375
37.2	122.017551302284	6713.03
37.2	122.11239689688	121.571
37.2	123.019119208254	657.581
37.2	150.003200310169	776.734
38.22	116.046611064732	1609.57
38.22	122.016397445479	1457.5
38.22	150.003249481122	5698.71
38.22	151.003832293591	732.746
38.22	470.745021938955	5063.59
38.22	471.754410989252	1216.58
38.22	791.451931653725	10764.4
38.22	792.456134408245	4422
38.22	793.45215184751	2084.59
38.22	794.452472044098	537.679
38.22	1112.13942665023	9871.94
38.22	1113.14038494485	6000.26
38.22	1114.14074087271	3215.45
38.22	1115.13379951427	1126.05
38.22	1432.81696890124	4001.63
38.22	1433.81519890241	2502.41
38.22	1434.82111510603	1640.38
38.22	1435.8041100416	900.096
38.22	1753.49258265891	1446.07
38.22	1754.47786267938	1166.91
38.22	1755.48246993351	1237.62
38.22	1756.47955047762	572.76
42.24	75.0442140596825	128.084
42.24	92.0401276144591	495.574
42.24	122.017119450237	5792.72
42.24	122.113115829211	164.006
42.24	123.019186331192	482.96
42.24	150.003587392083	513.51
42.24	1104.56745246274	258.042
43.26	116.118249057188	1266.18
43.26	122.091962559268	1204
43.26	150.095315523305	5566.12
43.26	471.036296678939	4799.32
43.26	472.036350117773	982.318
43.26	791.940067451659	9905.69
43.26	792.941221860497	4090.47
43.26	793.93839905885	1714.84
43.26	1112.82796524857	8691.54
43.26	1113.82986159317	5227.83
43.26	1114.8287537765	2743.25
43.26	1115.82868325528	1011.63
43.26	1433.69912083469	3595.73
43.26	1434.70385638623	2611.06
43.26	1435.70353369804	2332.53
43.26	1436.69662391713	703.698
43.26	1754.56019622237	1477.13
43.26	1755.56880610884	1432.06
43.26	1756.56973526123	859.452
47.28	74.0838630028695	179.867
47.28	75.0908734718641	530.366
47.28	92.096867889858	955.02
47.28	122.092116154466	8043.23
47.28	122.186158136263	197.406
47.28	123.097106068847	475.868
47.28	150.093845288585	991.324
33.12	51.1009847631064	346.244
33.12	64.1132185988525	203.692
33.12	65.1243614630603	120.289
33.12	75.1124524209174	2290.58
33.12	76.1147254122372	330.306
33.12	92.1199297547958	2608.39
33.12	122.123420708805	3819.46
33.12	123.126548956682	426.747
33.12	1105.02415023846	173.104
34.14	111.0917	759.439
34.14	116.051219204278	1852.35
34.14	122.02648659876	2178.16
34.14	139.024614919265	553.134
34.14	150.031677288936	8654.4
34.14	151.034441014499	557.07
34.14	471.067694772277	7137.08
34.14	472.069562256838	1624.24
34.14	473.061467918744	1023.05
34.14	792.105369072018	15354.2
34.14	793.105977057939	5870.27
34.14	794.106050719022	3536.61
34.14	795.105409799123	932.18
34.14	986.103063635027	1105.57
34.14	987.103909245993	776.242
34.14	1113.13906066373	12637.3
34.14	1114.14556332645	7303.25
34.14	1115.14275788289	4230.11
34.14	1116.13743409919	1687.29
34.14	1117.1473310879	605.123
34.14	1307.13637984395	1087.91
34.14	1434.17742669019	4096.17
34.14	1435.1756148157	3147.78
34.14	1436.17712507796	2517.73
34.14	1437.18225795084	805.244
34.14	1438.15956054514	543.979
34.14	1755.20570781483	1837.36
34.14	1756.2233424478	1533.13
34.14	1757.21158003073	1029.38
34.14	1758.21949412445	577.665
36.66	75.0258813801908	171.611
38.16	51.0254780263478	176.969
38.16	52.0213894826276	100.598
38.16	63.0250462213529	152.573
38.16	64.0344305542643	196.038
38.16	65.0381324603547	122.155
38.16	75.0256958164	2214.15
38.16	76.029625217134	128.008
38.16	92.0283700186404	2112.17
38.16	93.0293741702701	114.654
38.16	122.026074497237	2981.89
38.16	123.027160303112	291.201
39.18	116.118922027849	789.268
39.18	122.092941377409	1361.69
39.18	150.094687401117	5591.95
39.18	471.035055927795	4784.9
39.18	472.039955789963	1403.42
39.18	791.940453914099	10312.3
39.18	792.944378062083	4697.38
39.18	793.937575209131	2004
39.18	1112.82620648195	10180.9
39.18	1113.83446599123	5241.01
39.18	1114.82520093898	3342.84
39.18	1115.82576833721	1323.25
39.18	1116.81437124694	617.333
39.18	1433.69584333	3902.25
39.18	1434.70553847308	2913.8
39.18	1435.69848721214	2154.49
39.18	1436.70876197946	863.715
39.18	1754.56110569739	1477
39.18	1755.57625826714	1174.56
39.18	1756.56478197622	995.039
39.18	1757.56685269231	519.335
43.2	51.0906117747471	174.372
43.2	64.0960885416399	169.041
43.2	75.0917633650441	1576.36
43.2	76.0974637847303	117.507
43.2	92.0957693826664	1313.94
43.2	93.0989831657023	111
43.2	122.092272704924	3438.07
43.2	123.099105412702	218.006
44.22	111.0917	797.196
44.22	116.05039085867	1168.01
44.22	122.024972768102	1121.12
44.22	150.030454027259	5259.48
44.22	151.03154548119	541.84
44.22	322.050142357992	603.399
44.22	471.069442730633	5260.25
44.22	472.071356972825	1289.47
44.22	792.113342431782	10117.5
44.22	793.114763026484	4499.04
44.22	794.112558977096	1748.28
44.22	795.116104817168	825.217
44.22	922.009798012092	704.595
44.22	1113.15264636361	9629.06
44.22	1114.1534849216	5777.03
44.22	1115.15413378794	3665.16
44.22	1116.15811059218	1198.58
44.22	1434.1935451305	3916.9
44.22	1435.19471054749	2584.02
44.22	1436.19198793704	1869.93
44.22	1437.18310828161	982.011
44.22	1438.20452562383	536.313
44.22	1755.223761824	1733.55
44.22	1756.23151191736	1414.54
44.22	1757.23197114691	1057.05
44.22	1758.23458336118	571.053
46.68	75.0233750743089	136.593
46.68	116.051767810461	120.848
