#SEC	MZ	INT
40.68	74.096294426749	293.427
40.68	111.0917	1439.12
40.68	142.946871306652	623.806
40.68	144.947249135	778.305
40.68	198.939550582635	12400.7
40.68	199.06005512504	313.136
40.68	199.942307159462	802.053
40.68	200.936757059382	11836.3
40.68	201.057243876067	293.98
40.68	201.9423096961	873.1
40.68	202.944834048527	203.027
40.68	226.943310157015	5495.9
40.68	227.946645003074	434.011
40.68	228.942253396717	4935.2
40.68	229.946332712986	649.12
40.68	248.925601693869	433.103
40.68	250.922636657854	399.641
40.68	262.907293295418	222.455
40.68	278.844050638115	272.047
40.68	302.026017837599	285.765
40.68	308.853242854834	206.326
40.68	309.182846344265	254.365
40.68	452.882365108275	1545.09
40.68	453.885856295559	362.451
40.68	454.880781599286	2871.6
40.68	455.882361348948	313.133
40.68	456.880591445729	1361.19
40.68	474.861522677852	302.243
40.68	604.834426894685	524.273
40.68	626.820391154577	205.121
40.68	628.816886804998	242.431
40.68	828.780348004584	302.166
40.68	830.780839315401	955.009
40.68	831.785016838312	309.48
40.68	832.775945808494	911.182
40.68	833.781388079038	307.205
40.68	834.787623936319	220.898
40.68	852.742088108012	277.042
40.68	854.753519588703	284.556
40.68	922.009798	836.513
40.68	980.739234834456	206.844
40.68	982.72016159042	228.805
40.68	1002.72087605308	234.078
40.68	1004.71958001378	358.143
40.68	1206.68189287025	411.941
40.68	1207.6840526706	251.062
40.68	1208.68549123395	555.84
40.68	1209.70010894956	223.596
40.68	1210.68929470552	386.469
40.68	1434.617230363	232.248
40.68	1436.61657504975	326.912
42.12	63.0232689255914	188.249
42.12	64.0301646449365	212.761
42.12	116.934277601983	217.004
42.12	142.948574209905	1268.12
42.12	143.949672399226	142.055
42.12	144.945684350142	1172.66
42.12	170.939929448405	522.853
42.12	172.941012936094	857.176
42.12	198.938505418818	697.824
42.12	200.934972166337	776.03
42.12	201.941049164098	106.049
42.9	63.0233289470814	354.111
42.9	116.934998334262	214.817
42.9	118.932150087392	149.865
42.9	142.947755893611	1201.62
42.9	144.94666187198	1425.08
42.9	145.946274355322	104.938
42.9	170.943936052225	274.125
42.9	172.940158938201	355.647
42.9	198.933157651534	325.888
42.9	200.938919524805	207.375
43.98	74.095503761178	557.6
43.98	111.091700000682	1421.25
43.98	142.949286879869	947.534
43.98	144.947504646097	668.265
43.98	198.939773358087	9312.65
43.98	199.94173432346	726.894
43.98	200.937816381846	8138.03
43.98	201.943131428522	816.434
43.98	226.944254972817	5697.86
43.98	227.946065508221	433.522
43.98	228.943568969427	4712.58
43.98	229.94813690143	722.719
43.98	278.843256241839	254.969
43.98	297.15040945768	613.378
43.98	300.032153062372	449.708
43.98	302.034355590518	320.211
43.98	306.851306269476	218.58
43.98	452.880804619543	1481.57
43.98	453.883437480704	478.875
43.98	454.881551044489	2909.16
43.98	455.887869142757	490.329
43.98	456.877959717639	1643.6
43.98	602.839385088231	297.563
43.98	604.841512680132	484.654
43.98	828.797172957409	349.292
43.98	830.787076880481	1434.59
43.98	831.774396110726	247.283
43.98	832.779641271043	1187.15
43.98	833.784771816638	322.84
43.98	834.789671048298	478.005
43.98	922.009798	583.691
43.98	978.757242479641	299.845
43.98	980.757889601579	608.859
43.98	981.750310939277	247.471
43.98	982.742741827524	823.432
43.98	983.760214205508	277.375
43.98	984.735428262307	419.039
43.98	1002.73381147171	282.959
43.98	1206.69821732357	779.334
43.98	1207.68969907941	285.889
43.98	1208.68622514405	1177.32
43.98	1209.69006911536	378.471
43.98	1210.69071976068	993.547
43.98	1211.71720743019	370.803
43.98	1212.67795044446	296.204
43.98	1358.64089126006	332.05
43.98	1436.62483927524	229.674
43.98	1438.63338636597	309.278
43.98	1582.56387741958	229.556
43.98	1584.60067649186	557.599
43.98	1585.591373081	200.643
43.98	1586.56299692146	369.146
43.98	1588.58948827507	297.007
43.98	1589.60429640083	258.097
40.68	74.096294426749	293.427
40.68	111.0917	1439.12
40.68	142.946871306652	623.806
40.68	144.947249135	778.305
40.68	198.939550582635	12400.7
40.68	199.06005512504	313.136
40.68	199.942307159462	802.053
40.68	200.936757059382	11836.3
40.68	201.057243876067	293.98
40.68	201.9423096961	873.1
40.68	202.944834048527	203.027
40.68	226.943310157015	5495.9
40.68	227.946645003074	434.011
40.68	228.942253396717	4935.2
40.68	229.946332712986	649.12
40.68	248.925601693869	433.103
40.68	250.922636657854	399.641
40.68	262.907293295418	222.455
40.68	278.844050638115	272.047
40.68	302.026017837599	285.765
40.68	308.853242854834	206.326
40.68	309.182846344265	254.365
40.68	452.882365108275	1545.09
40.68	453.885856295559	362.451
40.68	454.880781599286	2871.6
40.68	455.882361348948	313.133
40.68	456.880591445729	1361.19
40.68	474.861522677852	302.243
40.68	604.834426894685	524.273
40.68	626.820391154577	205.121
40.68	628.816886804998	242.431
40.68	828.780348004584	302.166
40.68	830.780839315401	955.009
40.68	831.785016838312	309.48
40.68	832.775945808494	911.182
40.68	833.781388079038	307.205
40.68	834.787623936319	220.898
40.68	852.742088108012	277.042
40.68	854.753519588703	284.556
40.68	922.009798	836.513
40.68	980.739234834456	206.844
40.68	982.72016159042	228.805
40.68	1002.72087605308	234.078
40.68	1004.71958001378	358.143
40.68	1206.68189287025	411.941
40.68	1207.6840526706	251.062
40.68	1208.68549123395	555.84
40.68	1209.70010894956	223.596
40.68	1210.68929470552	386.469
40.68	1434.617230363	232.248
40.68	1436.61657504975	326.912
42.12	63.0232689255914	188.249
42.12	64.0301646449365	212.761
42.12	116.934277601983	217.004
42.12	142.948574209905	1268.12
42.12	143.949672399226	142.055
42.12	144.945684350142	1172.66
42.12	170.939929448405	522.853
42.12	172.941012936094	857.176
42.12	198.938505418818	697.824
42.12	200.934972166337	776.03
42.12	201.941049164098	106.049
42.9	63.0233289470814	354.111
42.9	116.934998334262	214.817
42.9	118.932150087392	149.865
42.9	142.947755893611	1201.62
42.9	144.94666187198	1425.08
42.9	145.946274355322	104.938
42.9	170.943936052225	274.125
42.9	172.940158938201	355.647
42.9	198.933157651534	325.888
42.9	200.938919524805	207.375
43.98	74.095503761178	557.6
43.98	111.091700000682	1421.25
43.98	142.949286879869	947.534
43.98	144.947504646097	668.265
43.98	198.939773358087	9312.65
43.98	199.94173432346	726.894
43.98	200.937816381846	8138.03
43.98	201.943131428522	816.434
43.98	226.944254972817	5697.86
43.98	227.946065508221	433.522
43.98	228.943568969427	4712.58
43.98	229.94813690143	722.719
43.98	278.843256241839	254.969
43.98	297.15040945768	613.378
43.98	300.032153062372	449.708
43.98	302.034355590518	320.211
43.98	306.851306269476	218.58
43.98	452.880804619543	1481.57
43.98	453.883437480704	478.875
43.98	454.881551044489	2909.16
43.98	455.887869142757	490.329
43.98	456.877959717639	1643.6
43.98	602.839385088231	297.563
43.98	604.841512680132	484.654
43.98	828.797172957409	349.292
43.98	830.787076880481	1434.59
43.98	831.774396110726	247.283
43.98	832.779641271043	1187.15
43.98	833.784771816638	322.84
43.98	834.789671048298	478.005
43.98	922.009798	583.691
43.98	978.757242479641	299.845
43.98	980.757889601579	608.859
43.98	981.750310939277	247.471
43.98	982.742741827524	823.432
43.98	983.760214205508	277.375
43.98	984.735428262307	419.039
43.98	1002.73381147171	282.959
43.98	1206.69821732357	779.334
43.98	1207.68969907941	285.889
43.98	1208.68622514405	1177.32
43.98	1209.69006911536	378.471
43.98	1210.69071976068	993.547
43.98	1211.71720743019	370.803
43.98	1212.67795044446	296.204
43.98	1358.64089126006	332.05
43.98	1436.62483927524	229.674
43.98	1438.63338636597	309.278
43.98	1582.56387741958	229.556
43.98	1584.60067649186	557.599
43.98	1585.591373081	200.643
43.98	1586.56299692146	369.146
43.98	1588.58948827507	297.007
43.98	1589.60429640083	258.097
