#SEC	MZ	INT
33.3	54.9241386871346	134.776
33.3	122.023701260163	516.017
33.3	149.03181245036	126.613
33.3	150.030482501453	905.969
33.3	151.032691798444	120.191
33.3	386.06755790873	166.05
33.3	387.060921527042	573.737
33.3	388.057769684598	118.114
34.02	111.0917	340.143
34.02	150.028416367412	421.667
34.02	220.061233238132	129.097
34.02	386.063502481004	227.605
34.02	387.05954391675	838.248
34.02	733.09178888577	181.292
34.02	922.009798	498.58
34.02	923.020292659406	174
34.02	970.148052943529	138.875
34.02	971.134163861552	105.225
34.02	1053.13633951861	110.066
34.02	1080.14317846758	165.744
34.02	1081.12980707655	139.245
34.02	1097.16091737612	153.314
34.02	1098.16649977962	137.35
34.02	1318.16678961677	138.42
34.02	1426.15823058515	117.139
34.02	1443.18760301934	159.002
34.02	1444.22113893883	107.143
37.74	122.020564921838	254.03
37.74	150.025885788199	631.217
37.74	387.052245505322	242.59
37.74	388.043937818801	111.043
38.46	111.0917	206.409
38.46	116.047381320865	201.032
38.46	122.022458157088	163.29
38.46	150.027130355124	352.013
38.46	163.132274172045	111.543
38.46	387.061346027878	404.58
38.46	388.067333722523	148.157
38.46	497.035772705939	112.344
38.46	529.080683156135	101.179
38.46	922.009798	907.015
38.46	923.014087312033	190.142
38.46	970.117877305216	291.445
38.46	971.127486340186	274.471
38.46	1081.11399024201	160.778
38.46	1097.15162444782	387.224
38.46	1098.16653626273	288.12
38.46	1099.14269628536	221.92
38.46	1099.2358539296	104.349
38.46	1334.17607705538	100.086
38.46	1335.18808767176	129.461
38.46	1444.20279469694	104.417
38.46	1554.17667477824	114.166
42.18	122.02052081669	377.203
42.18	150.026553763711	495.019
42.18	386.074886145862	116.24
42.18	387.064207973027	226.152
42.9	111.0917	675.081
42.9	116.04764934069	235.058
42.9	122.028260242431	116.395
42.9	149.030630769102	154.796
42.9	150.030667040607	245.008
42.9	220.050284168419	101
42.9	387.059331324317	676.046
42.9	388.043887346245	128.817
42.9	481.059374753445	101.89
42.9	624.079872032268	128.111
42.9	733.116510008147	103.675
42.9	734.086131666106	130.432
42.9	861.135801887761	115.149
42.9	922.009798	1161.65
42.9	923.004645158249	289.331
42.9	970.107354983188	117.077
42.9	971.122287520484	200.29
42.9	1096.1714737007	188.087
42.9	1097.13989361085	549.219
42.9	1098.16928834581	607.696
42.9	1100.12966938988	112.463
42.9	1207.14002441252	126.803
42.9	1334.17697668245	233.002
42.9	1444.181406776	139.298
42.9	1445.18996169482	181.184
42.9	1572.2235996825	106.31
42.9	1807.23477876197	119.19
42.9	1809.35376901724	149.141
46.62	92.0279726941239	119.602
46.62	122.021984973008	435.042
46.62	150.028911890473	537.103
46.62	386.065144261031	108.337
46.62	387.061098118137	153.446
47.34	111.0917	219.256
47.34	150.028603047777	360.247
47.34	309.180366958231	110.682
47.34	386.055607255313	172.561
47.34	387.057781850632	870.652
47.34	388.060332620104	272.358
47.34	624.09018242911	139.025
47.34	734.07062137444	176.059
47.34	846.710428853214	101
47.34	922.009798	789.043
47.34	923.012583602137	260.391
47.34	966.168390273919	136.103
47.34	970.138188200874	120.369
47.34	1096.1668001799	167.482
47.34	1097.16180379826	316.486
47.34	1098.17274038654	411.336
47.34	1099.15188523822	208.86
47.34	1334.19617173377	113.125
47.34	1335.18561069302	175.041
47.34	1445.2209255842	148.433
47.34	1571.25130000119	160.89
47.34	1572.24529445487	144.01
47.34	1680.19381009614	159.744
47.34	1808.21673017139	101.229
49.56	762.437653581532	133.433
51.06	122.022294533303	320.326
51.06	150.028231473222	258.392
51.06	387.066667329378	183.762
51.78	111.0917	406.359
51.78	112.090439114687	106.882
51.78	150.029339419642	226.076
51.78	387.059733596144	346.161
51.78	500.583440800367	283.259
51.78	922.009798	1046.48
51.78	923.016004845638	145.723
51.78	970.132751882032	136.5
51.78	1075.13728344695	102.511
51.78	1098.14472432882	196.917
51.78	1440.25333123313	101.457
53.94	1246.46831511173	282.273
55.5	71.8144063564096	112.35
55.5	122.021775278482	158.314
55.5	150.029283268242	395.302
55.5	210.012572524436	257
55.5	297.048755134285	103.267
55.5	369.457308538873	212.782
55.5	387.056727308156	101.087
56.22	111.0917	631.544
56.22	116.05306741869	241.531
56.22	150.028276109437	449.885
56.22	387.060310585585	194.446
56.22	922.009798	759.325
56.22	922.925211830724	101.121
56.22	923.020832945153	321.56
56.22	970.099206548377	106.28
59.94	122.024017159328	135.89
59.94	150.030747561424	501.226
59.94	387.06139903936	167.141
34.14	111.0917	331.62
34.14	414.917376544528	111.612
34.14	808.007653953987	119.396
34.14	922.009798	432.24
34.14	922.995520166109	158.483
36.3	136.433910113611	259.894
36.3	137.44284390565	257.042
37.86	122.024858763655	370.426
37.86	150.02988987339	361.803
37.86	387.059943171801	316.283
38.58	111.0917	592.932
38.58	122.027102985079	198.978
38.58	150.028841210256	404.559
38.58	386.066839146203	225.064
38.58	387.059680697844	694.433
38.58	388.061001291695	108.926
38.58	734.076663542214	161.075
38.58	922.009798	522.416
38.58	923.002634854287	149.669
38.58	1080.09351190637	124.145
38.58	1099.13884726606	118.432
38.58	1208.14374368787	114.075
42.3	122.021190453298	281.035
42.3	150.027532847793	528.852
42.3	151.028271292236	161.405
42.3	386.055730948448	115.654
42.3	387.060286117016	246.315
43.02	111.0917	426.954
43.02	150.032091809534	482.848
43.02	386.05702503964	115.008
43.02	387.063631555068	367.017
43.02	388.053648373946	127.574
43.02	733.073272355754	135.003
43.02	734.089947927036	107.173
43.02	922.009798	1035.94
43.02	923.007027195067	152.039
43.02	969.143191467568	102.101
43.02	1079.16001639705	128.965
43.02	1097.17706290615	370.383
43.02	1098.17192672013	447.8
43.02	1208.13020954408	131.786
43.02	1682.22510463642	131.92
45.18	1241.99726050871	267.875
46.74	122.021247812188	107.844
46.74	150.027729959035	547.035
46.74	151.034059100643	151.948
46.74	387.066802288359	289.661
47.4	111.0917	745.796
47.4	116.048557244549	164.34
47.4	122.024890780632	216.024
47.4	150.028359057391	398.408
47.4	152.041158496128	108.778
47.4	247.056019115504	176.047
47.4	386.061133931412	105.08
47.4	387.05999703051	535.256
47.4	922.009798	933.025
47.4	923.01356932319	116.75
47.4	970.122808868116	192.026
47.4	971.119119465889	180.245
47.4	1096.1686498537	193.108
47.4	1097.16811770108	658.01
47.4	1098.16540955932	580.053
47.4	1099.16897234495	349.169
47.4	1208.13390031398	169.196
47.4	1336.20551595705	100.787
47.4	1444.28714830768	112.509
47.4	1572.26276985395	162.045
47.4	1808.28844624722	126.976
49.62	122.020776433684	197.488
51.18	112.044570328803	119.002
51.18	122.020615378788	239
51.18	150.029283329019	524.125
51.18	387.06389580033	222.457
51.84	111.0917	228.725
51.84	150.028791585525	342.352
51.84	386.062987567871	390.101
51.84	387.053596814962	563.034
51.84	734.086525009691	131.833
51.84	922.009798	988.846
51.84	923.02375108618	228.532
51.84	969.137492143651	192.287
51.84	970.133562589699	246.705
51.84	971.126946949879	295.091
51.84	1096.18408944267	196.065
51.84	1097.17243382509	535.024
51.84	1098.17017364657	685.44
51.84	1099.17257669106	488.169
51.84	1207.17578240643	133.346
51.84	1333.21370827467	103.56
51.84	1334.20869982834	148.56
51.84	1335.23375321242	135
51.84	1336.20815019828	101.531
51.84	1444.1564898805	104.25
51.84	1445.19700028728	112.337
51.84	1571.2361018716	134.129
51.84	1572.30340880988	138.003
51.84	1806.31584935546	120.508
51.84	1808.22776815081	111.179
55.62	122.022630552723	771.032
55.62	150.028404253699	495.437
55.62	387.060903666964	265.144
55.62	388.052341162771	114.42
56.28	111.0917	225.104
56.28	116.054256173306	132.682
56.28	150.035743163319	412.515
56.28	387.061311574197	363.114
56.28	922.009798	413.882
56.28	966.157362530036	145.93
56.28	970.130949691004	150.036
56.28	972.102166345863	119.066
56.28	1073.0975693294	111.207
56.28	1096.18698672757	103.736
56.28	1097.16628905396	146.032
56.28	1098.15828078177	251.072
56.28	1316.12896719801	101.723
58.5	108.971321115115	246.355
33.9	111.0917	372.629
33.9	310.17469167711	105.321
33.9	922.009798	566.603
38.34	111.0917	584.09
38.34	151.028077208854	106.25
38.34	152.063993635127	104.161
38.34	168.056977761507	195.174
38.34	169.058237840373	154.361
38.34	200.040576753694	111.875
38.34	922.009798	1070.12
38.34	923.001610015533	138.681
42.06	122.019566510353	223.451
42.06	123.025459778975	123.237
42.06	150.026584894434	507.531
42.06	151.028280799415	183.034
42.06	387.065095821015	294.879
42.06	388.058651114667	206.672
42.78	111.0917	566.68
42.78	116.048848070582	195.594
42.78	122.023662560989	159.044
42.78	148.038519435178	111.249
42.78	150.029273004862	565.023
42.78	387.062582169368	497.379
42.78	734.078263324013	171.604
42.78	735.103068596392	100.8
42.78	922.009798	423.617
42.78	923.023180161291	139.25
42.78	969.125162846802	101.769
42.78	970.091260628573	244.143
42.78	971.113386978924	127.524
42.78	1080.11961136298	105.438
42.78	1081.13437711386	123.349
42.78	1096.16066442742	117.4
42.78	1097.15711545555	125.894
42.78	1181.02218359195	124.161
42.78	1206.1387469298	103.017
42.78	1207.19257548007	149
42.78	1317.14548892128	150.24
42.78	1443.19963599122	190.125
42.78	1444.1684314058	140.349
42.78	1553.19173088626	101.881
42.78	1554.16223541491	144.016
45	519.129278451057	128.921
46.5	122.026168925667	230.594
46.5	150.028272506348	630.27
46.5	387.067271803886	163.405
47.22	111.0917	462.127
47.22	116.050227570999	146.422
47.22	122.022354478309	113.904
47.22	150.031456862415	454.51
47.22	152.041851449625	122.073
47.22	386.06643311232	137.694
47.22	387.057679244003	585.803
47.22	388.063208637402	209.454
47.22	568.594149125217	110.002
47.22	922.009798006886	1313.82
47.22	923.013848984549	130.881
47.22	923.99803381111	107.408
47.22	970.113271254819	108.898
47.22	971.118028353222	181.363
47.22	1097.14752125194	295.703
47.22	1098.18164657742	222.05
47.22	1099.17668636155	163.704
47.22	1208.03410802798	101.075
49.44	122.023347323831	191.163
50.94	122.021643657267	160.527
50.94	150.029295959454	226.057
50.94	387.061136014838	197.291
51.66	111.0917	536.706
51.66	116.047725568988	290.334
51.66	150.031835669635	285.427
51.66	386.058697011301	218.113
51.66	387.06526630332	434.457
51.66	922.009798001078	1564.69
51.66	923.015863060992	244.777
51.66	970.131948139237	161.145
51.66	971.133008035214	167.688
51.66	1096.17625395765	125.207
51.66	1097.16185734831	316.921
51.66	1098.17669871335	350.332
51.66	1317.2063438406	100.25
51.66	1445.21553200079	183.564
51.66	1571.21485406976	107.634
51.66	1919.22378760269	102.005
53.88	1197.16658670124	202.463
55.38	122.025786181623	163.012
55.38	150.031300533059	1012.34
55.38	386.08229624539	102.414
55.38	387.059937986312	547.225
56.1	111.0917	301.51
56.1	116.049903164797	144.766
56.1	122.020348315177	130.903
56.1	150.02973066144	312.111
56.1	386.063498829355	120.173
56.1	387.057443419948	867.962
56.1	733.076412019193	114.34
56.1	734.084030073167	295.249
56.1	922.009798	966.834
56.1	923.000991087056	233.347
56.1	970.118120346915	164.409
56.1	971.105668143078	189.507
56.1	1096.16541808561	328.004
56.1	1097.17160673764	458.094
56.1	1098.16495920233	727.787
56.1	1099.18704023307	151.793
56.1	1207.13508001511	139.036
56.1	1333.19539541917	102.456
56.1	1334.16786932124	149.167
56.1	1335.19144755713	177.007
56.1	1336.18977230154	108.011
56.1	1445.19787200412	207.878
56.1	1571.21930619112	119.036
56.1	1572.23344028457	101.25
56.1	1808.22967588513	145.494
56.1	1809.25975437502	116.26
58.32	122.02310116821	225.875
58.32	743.077297971816	103.5
59.82	122.023388609404	356.92
59.82	150.030235971456	582.717
59.82	151.02441619929	185.482
59.82	387.070169280828	409.135
59.82	388.057361254329	102.284
34.26	111.18987051963	120.333
34.26	309.286433807459	115.113
34.26	922.009798	320.187
34.26	922.992829365272	109.009
36.48	152.160873813783	187.89
37.98	194.452680425714	268.625
37.98	876.377778464953	159.409
38.7	111.0917	399.876
38.7	116.050372478382	130.618
38.7	150.030102900893	345.344
38.7	168.062318318879	176.939
38.7	387.065706245545	143.472
38.7	922.009798	560.756
38.7	923.018129993469	144.281
42.42	92.0264801004945	116.116
42.42	122.025923846724	896.112
42.42	150.037284220186	244.189
42.42	1928.75480313483	257.375
43.14	111.0917	430.39
43.14	122.029683517682	163.002
43.14	150.035549012717	717.306
43.14	386.063761704313	164.75
43.14	387.066927216793	597.2
43.14	388.065223739038	127.938
43.14	922.009798	614.308
43.14	923.014374565166	174.067
43.14	970.140838004791	234.046
43.14	971.135310502936	176.538
43.14	1097.17425416121	171.469
43.14	1098.17037130137	196.064
43.14	1099.17324365821	146.904
43.14	1207.22916061259	104.31
43.14	1208.17007624791	122.575
43.14	1335.19270774988	125.04
43.14	1444.19670140345	136.657
43.14	1445.18837321774	146.207
43.14	1809.2687460545	122.52
45.36	158.044319338032	110.494
46.86	122.02833979324	603.109
46.86	150.034113658677	306.472
47.58	111.0917	167.929
47.58	116.045331733968	133.189
47.58	122.024671822181	125.105
47.58	134.065166432906	119.531
47.58	150.031994987966	249.962
47.58	261.037211851645	157.346
47.58	386.06976771506	117.223
47.58	387.061740622729	423.339
47.58	922.009798	586.139
47.58	922.994775365794	108.613
47.58	968.12954646429	110.225
47.58	970.111207790548	132.322
47.58	971.116994457127	217.565
47.58	1096.17051720899	113.704
47.58	1097.16418733993	340.741
47.58	1098.16275254006	539.665
47.58	1099.19133005488	127.669
47.58	1334.18126289376	119.164
47.58	1445.23752428244	137.111
47.58	1572.22473569964	123.042
47.58	1682.19577965676	109.348
47.58	1807.2365777915	146.664
49.8	1045.14779935806	172.687
51.3	122.02443453563	919.556
51.3	150.02868548292	199.654
51.3	151.033062860698	105.36
52.02	111.0917	279.347
52.02	122.022132586294	222.93
52.02	150.027918905137	342.006
52.02	387.06465135168	565.07
52.02	388.057128028377	175.149
52.02	922.009798	924.325
52.02	923.022668485965	303.667
52.02	969.109414505835	108.053
52.02	970.132153022289	126.003
52.02	971.117062019043	213.167
52.02	1096.19196851133	250
52.02	1097.18452658219	477.225
52.02	1098.17280881469	682.877
52.02	1099.16032464261	294.844
52.02	1334.21475356683	189.116
52.02	1335.21222529762	354.113
52.02	1440.19497064186	115.533
52.02	1444.15893390475	178.69
52.02	1681.23792384054	174.365
52.02	1682.22477519503	124.383
55.74	75.0214521224241	336.032
55.74	122.022674900915	582.684
55.74	150.035689013891	209
56.46	116.146859633913	182.953
56.46	122.125368259893	109.222
56.46	150.128800830936	317.287
56.46	387.150919391056	274.245
56.46	389.167677243492	129.921
56.46	922.009798	621.268
56.46	923.008187646673	129.154
56.46	970.140401762161	124.281
56.46	971.105617890423	124.643
56.46	1075.10642157842	104.558
56.46	1081.03756793149	113.471
56.46	1097.12487554195	227.163
56.46	1098.13651004554	144.571
56.46	1099.18308347363	123.923
56.46	1207.10319792058	113.369
56.46	1440.10104233745	111.891
56.46	1444.08707439	142.56
56.46	1445.03484419763	106.05
58.62	1463.21580798757	100.625
33.3	122.023152108782	158.799
33.3	150.030198615307	198.845
34.02	111.0917	676.778
34.02	122.021768387014	132.321
34.02	123.032202776172	107.612
34.02	149.029151899812	120.934
34.02	150.027503003261	523.886
34.02	386.062625708517	149.043
34.02	387.061562509362	410.178
34.02	734.094258416669	143.96
34.02	922.009798	496.307
34.02	1097.17277270314	133.636
34.02	1098.14391730884	100.017
36.24	1325.28774207715	151.381
36.24	1945.30611233663	122.723
37.74	49.6898052640854	270.146
37.74	92.0281008862164	106.032
37.74	122.023018058719	564.469
37.74	150.029415057514	563.866
37.74	387.051116866757	154.432
38.46	111.0917	421.187
38.46	122.022568432743	104.371
38.46	150.03043026031	335.512
38.46	387.056964184736	382.961
38.46	734.082452194755	142.121
38.46	922.009798	586.574
38.46	923.013689450202	134.227
38.46	969.125724474856	106.762
38.46	970.132295134383	205.793
38.46	971.126539013625	210.26
38.46	1097.18383298578	105.348
38.46	1098.14329411912	274.977
38.46	1208.15611766141	104.604
38.46	1334.21722115413	112.208
38.46	1445.23276515015	114.307
40.68	122.024807906328	122.266
42.18	122.020870334932	189.642
42.18	150.025649652928	310.519
42.18	387.055018140271	119.241
42.9	111.0917	246.662
42.9	150.026703773783	473.762
42.9	387.058636366735	657.031
42.9	922.009798	507.841
42.9	922.999565025312	232.522
42.9	971.121701350874	214.256
42.9	1096.16515517814	283.372
42.9	1097.15246777663	417.42
42.9	1098.15890892777	385.399
42.9	1099.16934968386	214.524
42.9	1334.19994273139	204.375
42.9	1335.25331304254	116.042
42.9	1444.19520563816	151.735
42.9	1445.17991910503	127.352
42.9	1808.24821171747	169.596
46.62	122.022946869338	337.458
46.62	150.02812512484	530.219
46.62	387.059821164975	162.758
46.62	1937.0358255781	234.6
47.34	111.0917	372.352
47.34	116.052046615911	156.844
47.34	150.028362088006	337.035
47.34	387.056161568748	474.565
47.34	388.069137872801	149.16
47.34	734.067625257673	133.108
47.34	922.009798	382.103
47.34	923.025904488613	102.962
47.34	970.111378465816	154.358
47.34	1097.18210012488	495.889
47.34	1098.15915685158	726.92
47.34	1099.16222609658	251.08
47.34	1208.15079167797	150.617
47.34	1334.19721898423	176.35
47.34	1335.21254720815	127.587
47.34	1443.20534252276	102.614
47.34	1444.15568732197	140.471
47.34	1445.19150024247	184.379
47.34	1446.1988212216	126.142
47.34	1808.24120467448	130.571
51.06	122.024705724183	223.456
51.06	150.028779691335	351.055
51.06	387.059278185197	158.721
51.78	111.0917	185.381
51.78	150.032096617847	256.581
51.78	387.063427354206	438.129
51.78	388.065539181969	111.779
51.78	559.55674904008	105.469
51.78	922.009798	698.004
51.78	966.175726302558	186.044
51.78	970.134405562126	152.49
51.78	971.124177335233	190.681
51.78	1097.18396825384	197.86
51.78	1098.19124994895	235.669
51.78	1317.16702229195	100.333
51.78	1439.23151854748	112.521
51.78	1445.22929724652	164.469
54	47.0057049852087	280.149
55.5	122.028547195643	263.453
55.5	150.029838958265	260.946
56.22	111.0917	283.931
56.22	150.030570907839	350.17
56.22	387.059407169881	462.339
56.22	505.301654679986	113.213
56.22	922.009798	707.504
56.22	923.00600880759	139.095
56.22	970.131367979493	138.565
56.22	971.099431360373	111.531
56.22	1247.07494067276	115.248
58.38	50.3822420687429	210.148
59.94	122.02389412802	201.723
59.94	150.033716684591	329.291
59.94	387.059440474489	105.033
33.18	122.023264345069	661.842
33.9	111.0917	494.685
33.9	121.03290367759	123.094
33.9	122.025914648765	155.366
33.9	150.03248801461	487.723
33.9	386.068698602817	152.805
33.9	387.060602063409	613.554
33.9	388.066554906952	161.002
33.9	922.009798	398.345
33.9	923.011161446431	124.75
33.9	970.128413718841	105.781
33.9	972.791192512947	102.018
33.9	1462.22203327704	111.273
37.62	122.025407796083	1111.44
38.34	111.0917	347.837
38.34	122.024124689946	143.232
38.34	150.028593707929	517.25
38.34	220.053066291768	109.017
38.34	386.05783229185	206.163
38.34	387.06241780059	699.681
38.34	734.090334636876	198.735
38.34	922.009798	704.235
38.34	968.096544716027	108.78
38.34	970.126472999158	174.184
38.34	971.138269739149	165.129
38.34	1081.08708380886	129.174
38.34	1096.18060207195	114.091
38.34	1097.16121128848	270.964
38.34	1098.15554321382	200.951
38.34	1318.13308608789	142.421
38.34	1334.18751240878	109.333
38.34	1335.20962400775	151.333
42.06	75.0213198779525	146.568
42.06	92.0208968453062	231.368
42.06	122.022302976521	886.179
42.78	111.0917	622.251
42.78	116.04711220437	101
42.78	122.027326930021	102.2
42.78	150.034553837231	202.018
42.78	386.061806366269	115.182
42.78	387.062384614982	504.346
42.78	922.009811118349	840.149
42.78	922.996302794766	157
42.78	969.13283363401	118.174
42.78	971.123203766643	299.014
42.78	1096.17676042685	199.445
42.78	1097.15286571622	562.216
42.78	1098.16512770339	615.486
42.78	1099.17753183875	146.557
42.78	1207.15230468504	129.017
42.78	1334.21337138233	195.675
42.78	1335.19755341473	169.538
42.78	1444.22368658736	108.864
42.78	1572.26376140956	121.344
42.78	1809.25065605063	201.447
46.5	92.028003214491	226.862
46.5	122.023404136922	846.11
47.22	111.0917	248.721
47.22	116.05970293383	115.148
47.22	150.029779834067	302.249
47.22	292.549033350932	285.519
47.22	386.073686572997	119.533
47.22	387.067989023769	731.03
47.22	388.051382564836	136.636
47.22	922.009798	819.416
47.22	923.016555455416	207.278
47.22	965.154730845895	100.455
47.22	970.135854050801	207.155
47.22	971.146792641464	189.335
47.22	1096.18675628497	220.911
47.22	1097.17662347538	490.083
47.22	1098.17125191074	602.77
47.22	1099.21009750399	202.432
47.22	1208.13379453118	115.522
47.22	1334.20325875499	168.25
47.22	1335.18720644966	201.016
47.22	1443.23509638474	101.15
47.22	1444.20084121231	128.917
47.22	1445.19674410714	115.005
47.22	1572.24589302006	138.331
50.94	122.027269010429	559.097
51.66	111.190635947241	126.048
51.66	150.131463944108	343.023
51.66	387.163890292893	433.602
51.66	734.122699797608	128.485
51.66	922.009798	519.004
51.66	923.01185025072	156.073
51.66	966.157098411654	189.363
51.66	970.102834839933	120.05
51.66	971.126049727323	247.282
51.66	1081.10767966154	157.025
51.66	1097.1468759651	145.894
51.66	1098.11373195134	118.002
51.66	1099.1086652485	128.002
51.66	1318.10925987344	104.297
51.66	1439.13608063145	124.68
51.66	1445.08486876733	114.166
55.38	75.1099948452374	150.098
55.38	92.120594670714	190.716
55.38	122.124379354871	504.024
56.1	74.1006767526179	113.851
56.1	111.0917	157.408
56.1	150.032982132998	202.364
56.1	187.898172062414	268.021
56.1	387.062533733074	388.391
56.1	734.095021547917	143.042
56.1	922.009798	703.5
56.1	923.030059894215	160.717
56.1	948.141219100021	110.355
56.1	1080.12981902541	105
56.1	1097.18633567604	127.815
59.82	58.3018629315357	209.015
59.82	75.0261703948774	106.154
59.82	122.029073343753	456.114
59.82	626.920296456731	259.083
33.24	75.0218480669297	272.681
33.96	111.0917	582.499
33.96	112.097892371159	169.705
33.96	116.047856728247	246.336
33.96	117.058092737323	130.61
33.96	119.048892128991	148.042
33.96	149.031034258857	138.166
33.96	150.029129720516	591.176
33.96	151.029778473622	128.455
33.96	186.04558038862	118.248
33.96	320.073964171511	113.716
33.96	387.052600414253	217.009
33.96	387.081811223014	169.125
33.96	922.009798	348.586
37.68	75.0233064635987	273.621
37.68	92.0270770587007	579.962
37.68	122.02334195652	194.878
38.4	93.8565737458195	264.882
38.4	111.0917	416.606
38.4	116.047700247573	115.779
38.4	122.023139917461	148.272
38.4	150.031894090911	411.27
38.4	386.062516946179	165.727
38.4	387.056247898148	591.256
38.4	733.100626417145	105.787
38.4	734.073466865383	100.007
38.4	922.009798	255.104
38.4	923.031581868751	142.316
38.4	969.100449825488	145.803
38.4	970.108769552118	207.314
38.4	971.129873449286	399.011
38.4	972.1227649614	205.927
38.4	1081.12769737252	124.098
38.4	1097.16675353701	255.754
38.4	1098.16681519426	483.554
38.4	1099.15504826962	116.82
38.4	1191.10353680535	101.017
38.4	1207.13887846248	112.965
38.4	1317.1462353478	110.42
38.4	1444.17454188576	118.583
38.4	1445.18444220835	142.851
38.4	1553.18601919156	205.923
38.4	1556.16597969571	118.324
40.62	65.1100110372514	258.225
42.12	75.0243737456396	445.61
42.12	92.0276554728518	202.107
42.12	122.02268490768	367.284
42.84	111.0917	476.19
42.84	116.045915746203	116.698
42.84	122.023622828068	113.358
42.84	150.031776831072	469.134
42.84	220.060450808376	126.96
42.84	386.072206321013	186.571
42.84	387.056824610097	666.25
42.84	734.082595950027	155.149
42.84	922.009798	797.308
42.84	922.995200919225	113.036
42.84	970.098562794664	117.889
42.84	971.10842045155	185.41
42.84	1096.15702253161	268.371
42.84	1097.14942775238	357.27
42.84	1098.15839090653	582.202
42.84	1099.16779704045	125.75
42.84	1334.15733254217	154.634
42.84	1334.2218286841	132.703
42.84	1335.17260698182	110.107
42.84	1444.18502464849	112.575
42.84	1702.58720688872	267.677
45.06	75.0263510586137	204.132
46.56	75.0243117111812	523.969
46.56	92.0246984636756	188.969
46.56	122.02600013203	157.625
47.28	111.0917	349.08
47.28	122.023416797347	120.008
47.28	150.026069058869	534.923
47.28	386.06559206793	159.331
47.28	387.060141126226	656.438
47.28	733.078642894665	105.893
47.28	734.099946547079	162.571
47.28	922.009798	870.558
47.28	923.005148417376	194.004
47.28	970.109615989308	204.307
47.28	971.128045779601	152.038
47.28	1096.15191741969	209.482
47.28	1097.16796587641	882.959
47.28	1098.15624295732	826.964
47.28	1099.18552202432	148
47.28	1333.18979366035	100.512
47.28	1334.20327867043	124.112
47.28	1335.19143631478	128.875
47.28	1336.20306041575	119.102
47.28	1444.1791343582	174.036
47.28	1571.2179170259	146.457
47.28	1572.21214039425	107.564
51	64.029532850098	102.471
51	75.0232090615026	443.741
51	92.0263532590283	298.637
51.72	111.0917	317.083
51.72	150.02970185113	323.25
51.72	387.061390067698	482.583
51.72	388.057639046503	139.265
51.72	734.100579881832	181.976
51.72	863.41803483407	137.656
51.72	922.009798	1056.32
51.72	923.008488508399	175.457
51.72	970.152684915976	185.247
51.72	971.127953523284	381.158
51.72	1080.11831669137	102.723
51.72	1097.17899956869	399.134
51.72	1098.16524088775	237.906
51.72	1207.15446363969	109.08
51.72	1208.14672084368	161.113
51.72	1334.21492791232	126.479
51.72	1335.21785308173	134.857
51.72	1440.22953092694	102.86
51.72	1444.1928890507	151.36
51.72	1445.18872899871	185.12
51.72	1571.26953409332	125.083
51.72	1659.20607436136	108.758
53.94	1875.53946903719	260.062
55.44	75.0215569156077	187.375
55.44	92.0209802659569	242.44
55.44	122.021058861017	150.012
56.16	111.0917	233.078
56.16	150.030444044554	599.293
56.16	189.065401323733	160.197
56.16	386.056202171964	125.308
56.16	387.065621743151	433.044
56.16	733.080575559014	102.75
56.16	734.087360764271	157.04
56.16	844.089608083986	107.494
56.16	922.009854077735	1018.05
56.16	923.008631920987	254.321
56.16	924.025430443564	137.083
56.16	970.128779545139	196.689
56.16	971.154684235944	133.011
56.16	1074.11525576717	114.01
56.16	1097.1800858063	130.13
56.16	1098.19208568899	104.125
56.16	1290.19591163738	124.668
56.16	1312.15743879147	103.455
58.38	1097.96643627067	278.512
59.88	64.0309181664892	113.694
59.88	75.0235595236251	251.75
59.88	122.022487234546	264.41
