#SEC	MZ	INT
33.24	269.103768829927	266.864
34.8	154.99623581218	950.696
34.8	156.994121942674	565.323
34.8	166.122173612385	129.881
34.8	182.992498078243	651.104
34.8	184.993701992519	536.022
34.8	220.995141270608	138.049
34.8	229.998465395361	186.455
34.8	231.989787212518	317.038
34.8	232.993318947236	128.438
34.8	249.993877198687	159.12
34.8	251.989623501772	165.552
34.8	259.990580706066	255.52
34.8	383.877998732297	110.156
34.8	385.866794269722	163.805
34.8	458.774320193891	330.826
34.8	460.772399000627	303.405
34.8	462.757117137728	147.896
34.8	480.877194436773	103.097
34.8	492.724429805202	151.015
34.8	494.749408561523	134.88
34.8	496.743772015229	138.102
34.8	514.758080468526	227.209
34.8	516.748441719903	293.562
34.8	616.628272098334	105.728
34.8	702.963603936153	161.447
34.8	1213.57387163905	263.422
37.86	42.8917884557825	205.281
37.86	154.999028101845	812.98
37.86	156.994213880797	805.19
37.86	182.995609925328	469.563
37.86	184.992644478884	567.146
39.42	155.002119436073	207.104
39.42	182.995195269402	215.388
39.42	184.006603858426	108.265
39.42	184.990374878707	226.002
39.42	514.767099497208	136.817
39.42	516.761895567808	131.329
39.42	518.751209205701	193.223
40.98	99.0560945385221	104.003
40.98	111.124005057289	146.983
40.98	115.084494368632	154.634
40.98	130.969922590802	110.297
40.98	132.970316525216	180.42
40.98	139.074761518221	535.135
40.98	140.079157539634	328.259
40.98	141.088652998979	148.03
40.98	144.07374005288	212.862
40.98	152.078235132819	380.411
40.98	154.96279007818	1566.88
40.98	155.068856037973	164.961
40.98	156.958979500509	994.488
40.98	158.950833157301	247.704
40.98	168.064622013912	2219.37
40.98	169.067505397462	422.344
40.98	170.94324597815	131.059
40.98	171.052573234341	155.03
40.98	172.94932162813	139.761
40.98	182.9552	814.704
40.98	183.041475059962	119.613
40.98	184.951961984967	943.92
40.98	205.048281255036	145.001
40.98	217.016764775105	101.987
40.98	218.958905605818	4501.45
40.98	219.96183321604	776.868
40.98	220.956754637646	4051.68
40.98	221.965649171751	616.857
40.98	229.94403053152	539.653
40.98	230.952359656505	110.019
40.98	231.941226559655	700.233
40.98	232.945447220822	131.51
40.98	245.931199044608	578.89
40.98	246.93688268836	518
40.98	247.931696892334	257
40.98	248.934767702571	335.061
40.98	249.937023139215	882.581
40.98	251.935617083496	618.927
40.98	252.939330513269	100.016
40.98	294.949991043537	118.36
40.98	296.820723927277	191.827
40.98	298.821209528697	517.001
40.98	309.820306203763	392.019
40.98	311.817000297119	627.5
40.98	313.816514203641	466.695
40.98	315.885414026867	328.049
40.98	317.884445687337	680.107
40.98	321.913220049904	340.369
40.98	323.907415918223	109.413
40.98	327.808471648215	109.014
40.98	329.800619324489	184.98
40.98	330.804591595835	201.618
40.98	372.788723882675	125.37
40.98	374.799452853881	138.802
40.98	376.791876700349	119.225
40.98	377.736377931183	104.023
40.98	379.802008896451	497.932
40.98	381.807701407191	162.402
40.98	392.67405503846	174.682
40.98	402.788508871747	111.817
40.98	403.765864761022	110.178
40.98	458.672735009305	1387.47
40.98	458.774155473448	119.145
40.98	459.662754391899	204.682
40.98	460.664887462004	2065.6
40.98	461.671548899292	350.379
40.98	462.664291364977	1119.33
40.98	463.667162726347	123.349
40.98	492.626063166413	269.497
40.98	493.629787673171	104.641
40.98	494.62036635442	240.187
40.98	496.630745951046	118.222
40.98	514.641904853539	141.025
40.98	516.636920465048	532.44
40.98	517.6345329385	232.223
40.98	518.645181090174	179.031
40.98	535.629752746261	125.066
40.98	537.620406685288	158.026
40.98	544.526036834999	108.333
40.98	548.562706769198	196.36
40.98	590.522834814993	104.148
40.98	614.48714201154	107.222
44.04	154.964016195633	1038.83
44.04	156.959982552344	803.405
44.04	182.951840379516	407.106
44.04	184.949655695598	444.299
44.04	192.965868329179	102.456
45.54	182.955649492167	332.636
45.54	184.952517611143	273.438
45.54	207.859076542084	135.125
45.54	514.638671052233	132.031
47.16	111.125282182586	150.189
47.16	128.089793497143	157.5
47.16	130.971585450999	131.103
47.16	139.07627419077	608.128
47.16	140.083491628802	446.003
47.16	144.081959806692	219.519
47.16	144.967449737026	143.455
47.16	152.07966219555	560.936
47.16	154.965034831608	1039
47.16	155.065963223762	138.408
47.16	156.960752349007	1204.06
47.16	160.954451489939	212.373
47.16	168.065412197849	2662.5
47.16	169.068340761119	263.432
47.16	170.06694545786	193.164
47.16	170.950476069923	163.94
47.16	171.06826408422	115.463
47.16	182.9552	1352.43
47.16	183.048048734509	153.556
47.16	183.958428022017	214.435
47.16	184.952128106585	604.931
47.16	218.961763703137	4572.13
47.16	219.964754911456	565.656
47.16	220.959070052479	4310.34
47.16	221.96296545518	581.244
47.16	229.947337858569	691.24
47.16	230.952407161687	233.222
47.16	231.946261837635	568.461
47.16	245.932346335228	635.367
47.16	246.939453703846	535.424
47.16	247.93551427611	288.618
47.16	248.93784506882	297.113
47.16	249.941368745004	573.787
47.16	251.937722382187	642.466
47.16	296.828957202357	123.111
47.16	298.824423826989	196.579
47.16	299.821217240049	149.844
47.16	300.813551140089	306.439
47.16	309.823424332771	510.048
47.16	310.845149153547	131.45
47.16	311.821852651101	678.445
47.16	312.821602835376	270.15
47.16	313.819444724958	299.778
47.16	314.82694818557	112.694
47.16	315.891156851379	550.07
47.16	316.912256334723	187.077
47.16	317.889952043612	508.853
47.16	322.907998087359	127.002
47.16	323.919284875872	235.323
47.16	327.805698091871	188.392
47.16	330.808915768951	231.362
47.16	332.797853735653	117.062
47.16	372.807018353088	114.002
47.16	373.737972134717	120.98
47.16	375.742835822125	151.282
47.16	376.794333866536	141.474
47.16	379.803954336756	199.296
47.16	381.805396843014	316.781
47.16	383.786332725221	135.285
47.16	385.787986044521	204.409
47.16	388.694876741539	109.615
47.16	390.692586221945	325.487
47.16	392.694032320937	192.397
47.16	394.677132271416	130.37
47.16	405.775387616087	189.556
47.16	458.671777759275	1261.49
47.16	459.674792461108	108.274
47.16	460.670920383	3044.03
47.16	461.670060991858	562.996
47.16	462.670152145735	1205.16
47.16	463.672473808675	140.042
47.16	490.647926305475	131.257
47.16	492.63181626107	127.694
47.16	514.638280485599	127.087
47.16	516.640865560217	341.04
47.16	518.641777280742	141.358
47.16	546.560341522301	130.842
47.16	548.57223494539	148.29
47.16	616.527820144294	117.059
50.22	154.965507922987	688.579
50.22	156.963871206359	460.312
50.22	182.954705054228	356.118
50.22	184.956996120356	415.654
51.72	154.961649018737	162.73
51.72	156.965595803494	127.988
51.72	182.957099622906	323.452
51.72	184.953289020371	184.243
51.72	514.653776059362	125.823
53.34	128.084631001608	109.266
53.34	130.971692137108	142.173
53.34	139.075141350849	294.581
53.34	140.081970215441	276.705
53.34	144.079395514768	196.875
53.34	150.065340123743	119
53.34	152.07727931531	266.456
53.34	154.961280468368	1013.55
53.34	155.960605321398	145.482
53.34	156.958540026486	861.384
53.34	168.063764349447	1916.63
53.34	169.065618812144	269.811
53.34	170.059403796611	119
53.34	179.05615705921	123.565
53.34	182.9552	605.263
53.34	183.953894392786	109.803
53.34	184.950413214233	638.459
53.34	218.957871084718	3286.49
53.34	219.960599441725	350.342
53.34	220.955978829943	3845.14
53.34	221.953962236277	627.147
53.34	229.943199430544	563.463
53.34	231.938012367928	470.96
53.34	245.922331970896	357.078
53.34	246.932145369946	146.851
53.34	247.930680848624	335.289
53.34	248.937786231053	225.141
53.34	249.934984527952	311.672
53.34	251.926814824519	527.686
53.34	256.052450224292	108.547
53.34	257.932558259583	507.172
53.34	259.930285690238	717.08
53.34	260.934174837684	109.645
53.34	296.825118545528	176.04
53.34	298.816199127308	121.72
53.34	300.812369465736	151.682
53.34	309.818248518766	345.403
53.34	311.813390109785	431.581
53.34	313.814894458643	172.654
53.34	315.884681477864	522.106
53.34	317.887433548375	343.095
53.34	321.910716451081	146.062
53.34	328.805452607683	119.625
53.34	331.811208820814	102.29
53.34	338.799581895971	138.28
53.34	340.787691721733	102.202
53.34	366.781149748456	168.75
53.34	374.793105276835	223.513
53.34	376.794356952199	205.892
53.34	379.794463210643	129.001
53.34	380.849252940969	105.438
53.34	381.812084793795	136.002
53.34	404.759658637072	107.141
53.34	458.664025863278	854.381
53.34	459.669367713399	228.595
53.34	460.660891973672	1747.84
53.34	461.657584801156	197.232
53.34	462.658518146222	1030.61
53.34	463.660504952722	162.259
53.34	465.655277106828	120.172
53.34	514.643973410702	149.41
53.34	516.636491494036	518.735
53.34	518.630935172398	151.24
53.34	642.450310247261	120.081
34.8	132.990746140894	120.213
34.8	154.995481402835	702.918
34.8	156.001158059144	118.36
34.8	156.991991929952	303.745
34.8	182.104744265004	111.396
34.8	182.99177189791	364.993
34.8	184.99402299273	362.657
34.8	191.103359591655	100.637
34.8	219.005491029245	113.051
34.8	229.981620379768	130.57
34.8	231.988835041962	349.571
34.8	259.990694550678	107.28
34.8	311.88750816918	100.33
34.8	319.97805329203	110
34.8	381.881068657002	119.792
34.8	458.773712428262	155.32
34.8	460.756775190413	419.899
34.8	461.758010223896	205.076
34.8	462.755235429791	283.474
34.8	492.746794684029	234.166
34.8	494.744161047325	212.149
34.8	496.74343538258	130.762
34.8	514.760122398185	199.674
34.8	516.740327944488	375.552
34.8	518.74020767624	179.48
37.8	154.996322089244	838.168
37.8	156.990552508221	657.735
37.8	182.995294449227	407.803
37.8	184.988461856744	385.253
39.36	154.993348195652	119.402
39.36	182.991859510518	279.637
39.36	184.992621396317	454.994
39.36	514.76408012211	130.03
39.36	516.748154411085	320.432
39.36	518.7410885323	118.341
40.92	99.0296549565748	101.133
40.92	130.979909213867	220
40.92	132.975514942256	297.09
40.92	139.080012786748	587.179
40.92	140.084008770565	357.101
40.92	145.091716189575	121.036
40.92	152.077897345305	487.847
40.92	154.966862936814	1233.66
40.92	155.067893782971	282.64
40.92	156.963882978397	1276.85
40.92	158.959912440823	238.907
40.92	168.067862839944	1992.65
40.92	169.072935880326	371.602
40.92	170.056133284033	156.381
40.92	170.953723384213	151.371
40.92	172.949108465106	110.463
40.92	182.9552	851.383
40.92	183.961942006928	114.01
40.92	184.958736565223	829.162
40.92	185.951600439077	107.762
40.92	218.965294070243	4929
40.92	219.968993523435	520.962
40.92	220.962411344999	4736.7
40.92	221.967677355333	369.338
40.92	229.948851815974	581.389
40.92	230.953570583699	240.012
40.92	231.946445247789	1058.58
40.92	232.950447418944	145.156
40.92	245.941489415806	356.781
40.92	246.944400808801	657.192
40.92	247.936895029906	384.035
40.92	248.940609576455	633.61
40.92	249.947656424886	391.716
40.92	250.949327452339	130.321
40.92	251.945145486396	783.103
40.92	252.94502462932	195.183
40.92	298.825131777012	292.879
40.92	300.813609965573	128.01
40.92	309.835756393354	527.6
40.92	310.825621229271	217.427
40.92	311.827002071288	521.9
40.92	312.821414069369	111.174
40.92	313.821364305096	338.781
40.92	315.895797041483	451.942
40.92	317.894986429553	230.041
40.92	321.910224730781	103.94
40.92	323.913750934292	118.405
40.92	325.814084145023	114.012
40.92	327.815106375051	358.266
40.92	328.816470994752	215.092
40.92	330.809500787968	340.442
40.92	375.755395732876	206.645
40.92	379.815862230733	475.432
40.92	380.823070763767	180.5
40.92	381.813922457743	518.551
40.92	382.811212866023	170.868
40.92	383.811504246826	132.551
40.92	385.80097946822	166.016
40.92	388.769801976309	114.5
40.92	390.681976795805	137.533
40.92	391.692735525817	107.009
40.92	392.687075417961	247.682
40.92	405.779406392959	121.115
40.92	458.678595281359	1283.99
40.92	459.686378769845	191.386
40.92	460.679436070947	2364.51
40.92	461.683326050758	611.462
40.92	462.676086852322	1027.14
40.92	463.667623611105	167.651
40.92	492.641867156769	267.367
40.92	494.639865779775	135.446
40.92	514.657518347084	103.028
40.92	516.652127645527	389.092
40.92	517.650748206217	145.227
40.92	518.648430554835	400.918
40.92	533.629115287471	108.161
40.92	535.651471325027	119.166
40.92	546.570692062452	243.198
40.92	548.567790249856	335.906
40.92	550.576282771809	123.396
40.92	614.499911064954	106.556
40.92	616.522867743148	139.634
43.98	154.966544402891	706.416
43.98	156.964154401422	674.959
43.98	182.955751835519	495.992
43.98	183.958539480515	197.427
43.98	184.961070646918	207.841
45.54	154.959628258278	111.358
45.54	182.959467327688	448.12
45.54	184.953730012332	183.347
45.54	514.647531259181	130.471
45.54	516.65255059253	197.469
45.54	767.461739042677	265.879
47.1	111.128981895389	272.818
47.1	128.095886694507	131.477
47.1	130.982681613116	273.546
47.1	139.08715104807	406.45
47.1	140.088635997824	443.693
47.1	144.086865418194	115.7
47.1	152.08844356062	522.618
47.1	153.094118233731	103.22
47.1	154.971645918895	1151.19
47.1	155.074345682708	148.029
47.1	156.076116818028	238.911
47.1	156.967573169448	1025.67
47.1	157.968900626279	108.941
47.1	158.963795103183	194.144
47.1	160.958416938448	134.793
47.1	168.073011872565	2264.96
47.1	169.075376205079	275.458
47.1	170.961530360915	148.692
47.1	171.07806189518	154.776
47.1	182.965030280484	1045.55
47.1	184.960681781184	599.628
47.1	218.970885211222	3538.4
47.1	219.97473805666	782.176
47.1	220.969460099989	4441.25
47.1	221.972591022692	511.831
47.1	229.957054536033	765
47.1	231.957348298718	665.108
47.1	232.952865475531	114.068
47.1	234.954927430573	216.88
47.1	245.945677147326	136.211
47.1	246.948833827877	538.902
47.1	247.941786429519	374.959
47.1	248.947151970723	573.409
47.1	249.952704750064	565.984
47.1	251.949325883645	653.547
47.1	296.840722893735	121.587
47.1	298.830268797826	338.031
47.1	300.828482373335	125.667
47.1	309.834384704802	395.249
47.1	311.836340982311	682.162
47.1	312.828037666228	149.201
47.1	313.834865486847	363.643
47.1	315.899745361516	382.35
47.1	316.901709144765	116.237
47.1	317.902325596234	656.752
47.1	318.90967653826	154.19
47.1	323.928519023647	172.062
47.1	325.820005391142	172.615
47.1	327.822250829852	212.817
47.1	328.818519434594	119.047
47.1	330.823878448568	108.08
47.1	372.823454862961	128.656
47.1	373.759400353833	167.898
47.1	375.760136624546	122.05
47.1	375.81402682329	108.133
47.1	379.827076090039	174.564
47.1	381.83335730752	205.441
47.1	382.815612170588	105.178
47.1	385.807340798965	120.485
47.1	388.708434195496	107.89
47.1	392.702814629779	309.243
47.1	458.698861920218	1030.58
47.1	459.691361339043	120.817
47.1	460.6925022929	2443.44
47.1	461.695193349307	372.629
47.1	462.687998902007	1309.21
47.1	464.693902480279	130.136
47.1	514.662687750866	259.691
47.1	515.673152371911	103.166
47.1	516.658729664693	330.647
47.1	517.666123206396	120.128
47.1	518.663738524547	325.738
47.1	533.672501746979	114.355
47.1	546.58465984455	185.098
47.1	548.590278926413	204.42
47.1	614.528804318128	103.037
47.1	1131.36125319124	144.115
50.16	154.972164556736	695.089
50.16	156.967296749347	994.855
50.16	182.964153225391	532.716
50.16	184.961028798028	506.697
51.72	182.966901280746	400.06
51.72	184.960932249023	423.792
51.72	514.665736803438	112.229
51.72	516.662847475588	257.032
53.28	115.10854075504	199.032
53.28	133.003248553823	114.422
53.28	135.191507467408	248.038
53.28	139.104450785296	289.704
53.28	140.110961119511	234.9
53.28	144.107843186436	195.15
53.28	152.106365543927	296.604
53.28	154.99825866107	1067.78
53.28	155.99763267883	164.882
53.28	156.995217054022	856.272
53.28	158.987279175115	120.074
53.28	167.117518519564	161.231
53.28	168.10199166106	1365.56
53.28	169.110928226725	249.878
53.28	170.983873187689	198.311
53.28	172.994235412166	189.753
53.28	179.100437470098	377.128
53.28	182.994470056814	868.877
53.28	183.998484617655	153.333
53.28	184.991889308542	807.102
53.28	195.091976347137	100.674
53.28	219.007714854016	3949.65
53.28	220.01037357118	476.804
53.28	221.003874873962	3077.24
53.28	222.006946909092	400.428
53.28	229.995800773311	488.456
53.28	231.992460698855	630.559
53.28	245.985872081865	282.596
53.28	246.986655246817	348.404
53.28	247.98531126144	174.516
53.28	249.998211218517	326.66
53.28	251.98917997069	369.917
53.28	257.9894622349	632.25
53.28	259.990044514722	1106.39
53.28	260.988766454926	139.633
53.28	296.886694916147	198.761
53.28	298.882270897316	205.136
53.28	309.896426531677	173.919
53.28	310.884260811046	170.039
53.28	311.881068407889	498.459
53.28	312.884113012642	141.509
53.28	313.879728089342	311.036
53.28	315.956415935731	466.027
53.28	317.950479635873	414.23
53.28	321.986722125614	178.076
53.28	323.977863592891	130.066
53.28	327.877014635385	177.003
53.28	330.873838716706	136.062
53.28	332.87387430647	150.735
53.28	336.89009477012	173.017
53.28	338.87111645317	207.125
53.28	364.865188663049	119.087
53.28	379.893106905728	143.009
53.28	380.881729770157	178.695
53.28	381.888931933029	177.841
53.28	390.778358230166	211.579
53.28	392.755405621647	125.906
53.28	458.770649781275	791.206
53.28	459.764809918377	121.625
53.28	460.768670908504	1338.21
53.28	461.774153663681	279.668
53.28	462.763341769051	1046.51
53.28	463.765292791808	377.904
53.28	514.752535671133	242.042
53.28	516.752259107245	567.207
53.28	518.743885620822	322.625
53.28	546.672430145286	134.721
53.28	548.670716969029	150.814
53.28	614.633472419943	262.13
53.28	642.620968951613	199.215
53.28	644.631456972308	125.002
34.56	183.006868980177	120.735
34.56	458.804480153408	166.003
34.56	460.811879162755	520.965
34.56	462.802882135313	271.542
34.56	516.797652088524	176.612
34.56	914.550894457713	130.002
34.56	935.49149176782	107.61
34.56	1237.42117965842	152.413
37.62	155.013604805324	129.116
37.62	157.009396109017	284.005
37.62	183.012964323025	160.032
39.18	155.012775448406	119.592
39.18	183.018084785644	111.802
39.18	185.007330119318	225.547
40.74	111.10857770291	623.27
40.74	112.110546467695	108
40.74	130.958734671035	136.692
40.74	132.94782315272	156.8
40.74	139.058075943999	218.015
40.74	154.944316732365	432.377
40.74	156.936884574661	310.354
40.74	168.03906824195	298.693
40.74	182.927412815685	507.388
40.74	184.924056346955	370.671
40.74	195.937612097652	127.166
40.74	213.914281543884	127.924
40.74	218.927074015401	186.136
40.74	220.926208580888	189.617
40.74	229.916408048716	191.257
40.74	231.910885438608	178.625
40.74	246.905212357575	532.219
40.74	248.900970483137	538.007
40.74	249.89797067961	241.25
40.74	251.898117953272	170.633
40.74	311.77459697187	154.257
40.74	325.760905871122	129.895
40.74	327.752644405608	167.098
40.74	328.766046864615	151.122
40.74	330.758562827344	303.912
40.74	373.687175173196	139.21
40.74	375.691990972709	139.094
40.74	379.748156011386	480.374
40.74	381.751701885903	297.265
40.74	385.732415340705	120.261
40.74	390.629667427539	374.862
40.74	391.629650744374	130.507
40.74	392.631718483481	216.05
40.74	458.606289279907	1976.01
40.74	459.606907289871	260
40.74	460.604432885382	4539.43
40.74	461.600817964996	868.732
40.74	462.59861744983	2437.79
40.74	463.604094415566	393.196
40.74	464.584861518793	120.446
40.74	464.63495192734	112.352
40.74	514.573488836182	142.139
40.74	516.573537291832	143.153
40.74	544.475501359961	164.116
40.74	546.486194399004	196.363
40.74	547.478265172534	133.355
40.74	548.462247564736	121.005
40.74	590.442140531988	109.132
40.74	614.412510312911	120.009
43.8	154.941192120172	233.143
43.8	156.935960550161	341.161
43.8	182.927773715906	157.125
43.8	184.923328745437	132.633
45.36	516.569040885166	105.121
46.92	111.108455193169	695.83
46.92	139.054028493579	120.003
46.92	154.936531419213	350.284
46.92	155.043297599356	122.433
46.92	156.933273119947	560.286
46.92	168.03625198863	146.007
46.92	170.921785129662	172.103
46.92	172.917864020364	147.05
46.92	182.927614452971	434.14
46.92	184.924015281186	373.005
46.92	218.925093004101	141.114
46.92	229.915456312352	123.425
46.92	231.900679573455	160.166
46.92	246.897013222975	492.698
46.92	248.894977801084	465.188
46.92	249.902002415681	422.678
46.92	251.895311256762	311.261
46.92	311.778429688755	152.138
46.92	312.780040766276	166.028
46.92	313.779974835981	237.488
46.92	332.745823953117	105
46.92	375.677429467557	208.68
46.92	379.749042022279	463.232
46.92	381.739352722379	262.432
46.92	390.646234559998	140.574
46.92	392.619829511344	133.004
46.92	458.602940674708	2131.06
46.92	459.595068181962	326.333
46.92	460.595524208573	4830.5
46.92	460.775382918095	113.048
46.92	461.602186561999	621.627
46.92	462.592579831851	2558.27
46.92	463.599363154537	464.802
46.92	464.598032187131	124.19
46.92	480.694807807585	100.045
46.92	516.567194797242	321.084
46.92	518.543192402165	164.24
46.92	546.479248574822	277.824
46.92	614.382697341681	232.909
46.92	616.386188806155	201.641
46.92	618.37875585328	178.54
49.98	154.93682489545	371.148
49.98	156.936206011228	217.44
49.98	182.91932076687	105.593
49.98	184.918908569584	109.445
53.1	111.108823793784	227.224
53.1	133.056459304835	131.441
53.1	154.939555366234	438.907
53.1	155.950782126022	103.089
53.1	156.937174904993	136.64
53.1	168.038513057718	207.526
53.1	179.035784773063	141.961
53.1	182.927007780411	166.56
53.1	184.922533981225	359.377
53.1	185.928383057425	109.58
53.1	211.923151467175	143.181
53.1	218.926183302804	100.976
53.1	220.924807124087	108.716
53.1	246.905664771836	218.143
53.1	247.910538641755	240.125
53.1	248.900363544135	168.98
53.1	249.912995457989	472.529
53.1	251.902177271344	148.474
53.1	257.895067851293	128.84
53.1	309.779210578573	185.006
53.1	313.762952543068	128.24
53.1	336.752599156686	142.055
53.1	338.744937415272	406.786
53.1	339.747681386675	173.026
53.1	340.745014484849	168.132
53.1	381.758286433949	181.493
53.1	436.460029112078	215.889
53.1	458.601966934424	1576.02
53.1	459.600399991955	161.812
53.1	460.602434850652	3016.85
53.1	461.605629787901	537.571
53.1	462.596009336046	2012.32
53.1	463.604423280974	262.288
53.1	464.584441822703	105.645
53.1	494.559425895966	121.23
53.1	514.559329236488	113.016
53.1	516.570064183342	141.005
53.1	547.473746986174	104.141
53.1	548.482136208695	186.164
53.1	640.432220168915	125.002
53.1	642.391888176952	150.118
53.1	644.366074912931	112.469
53.1	646.372341800872	132.494
34.8	132.96903312585	119.879
34.8	156.953238758669	125.1
34.8	182.9552	273.002
34.8	184.949685007566	126.042
34.8	458.665619316682	113.634
34.8	460.650956042139	334.785
34.8	462.653305970479	130.602
34.8	516.62993342325	130.735
37.86	154.958397039045	201.422
37.86	156.956599424301	535.1
37.86	184.950649913705	159.561
37.86	305.740831745835	263.195
39.42	184.949021999774	131.331
39.42	530.60713140836	114.507
40.98	111.10732103784	198.97
40.98	132.952149340855	119.865
40.98	139.054795842361	117.838
40.98	154.942366133077	584.622
40.98	156.934818094767	601.347
40.98	168.039756318065	421.919
40.98	182.929481187586	250.711
40.98	184.926962469997	583.371
40.98	195.938859920944	231.582
40.98	197.931085506221	159.592
40.98	202.895811814703	140.068
40.98	211.919085581985	154.485
40.98	213.911246855501	217.358
40.98	218.930514229476	265.33
40.98	229.915938562894	191.508
40.98	245.896029917456	106.173
40.98	246.90022109465	1253.88
40.98	247.899197511847	264.006
40.98	248.899201630148	1313.51
40.98	249.904362599369	442.509
40.98	251.8978306182	387.737
40.98	287.907164882529	110.297
40.98	297.783532130223	105.156
40.98	309.773988818221	313.188
40.98	311.770393084621	350.445
40.98	313.76650246971	156.034
40.98	325.754158840403	242.76
40.98	327.75524685053	479.634
40.98	373.683602064037	116.139
40.98	379.751446666296	683.533
40.98	380.751262528319	162.322
40.98	381.749269812916	863.481
40.98	382.743517393311	207.519
40.98	390.629557474301	184.139
40.98	458.60306706219	1466.99
40.98	459.605011998052	253.187
40.98	460.60420241763	3492.99
40.98	461.604457993862	473.689
40.98	462.598956628033	1979.01
40.98	463.591818891585	272.726
40.98	490.568941599445	105.802
40.98	492.551135956312	116.333
40.98	516.56053953355	101.009
40.98	537.548809158116	100.006
40.98	546.478511663388	267.082
40.98	548.469463700375	264.521
40.98	616.392910304877	141.027
40.98	645.397985267924	117.625
44.04	154.941050484206	311.229
44.04	156.937796729681	429.004
44.04	182.94110422175	171.121
44.04	184.924269650019	110.349
44.04	195.938648731002	140.612
45.54	448.911222794927	265.658
47.16	130.97675099626	102.399
47.16	133.075709501313	253.79
47.16	134.079365631224	236.001
47.16	152.07408755685	215.909
47.16	154.962362785216	542.384
47.16	156.961207982771	340.835
47.16	168.066809393664	483.196
47.16	170.953996872356	107.102
47.16	182.9552	191.934
47.16	184.950245868061	309.805
47.16	195.961416937392	142.32
47.16	218.958207364302	317.1
47.16	220.95866364666	305.766
47.16	229.943507530641	147.138
47.16	231.937940046416	385.524
47.16	246.936919087246	986.679
47.16	247.934639675086	303.333
47.16	248.935761037122	1432.13
47.16	249.938177634323	594.728
47.16	251.939202598127	647.343
47.16	298.809668874395	119.025
47.16	308.818508865308	127.837
47.16	309.827889702737	137.714
47.16	311.822890147498	392.128
47.16	312.806139524644	155.703
47.16	327.80041665912	276.532
47.16	328.802181541831	106.781
47.16	329.807672384135	108.018
47.16	375.737057670427	148.098
47.16	379.806530701768	621.971
47.16	381.804973430859	477.49
47.16	390.67776888886	201.061
47.16	392.676042050305	153.69
47.16	458.674658824724	1361.7
47.16	459.66446003802	223.959
47.16	460.667228707791	2083.02
47.16	461.677044775664	317.656
47.16	462.665889288111	1286.06
47.16	514.639443149811	118.784
47.16	516.637053010183	108.599
47.16	518.653772896381	111.202
47.16	546.554190874256	172.166
47.16	548.547932171531	167.286
47.16	618.517114835898	113.844
50.22	154.961683270605	296.388
50.22	156.956780980908	194.254
50.22	184.949650971971	151.989
53.34	133.11631213432	256.987
53.34	152.129900301021	122.762
53.34	155.014090639031	322.004
53.34	157.009838369847	409.06
53.34	168.112574567498	439.719
53.34	183.015324543356	120.245
53.34	185.009521024825	130.031
53.34	212.02134239927	107.5
53.34	219.028071681573	391.165
53.34	221.023688203733	393.031
53.34	230.013575946027	193.569
53.34	232.005516446795	158.37
53.34	247.014456482962	1043.39
53.34	248.015003384959	132.009
53.34	249.012773223816	1064.02
53.34	250.019436284851	475.396
53.34	252.011405224269	296.001
53.34	258.012934316895	271.408
53.34	260.011088315244	141.24
53.34	262.020542500013	114.202
53.34	309.91532844711	252.194
53.34	311.913840676341	261.156
53.34	313.908777462145	250.022
53.34	325.907475399547	234.414
53.34	327.898323570805	244.271
53.34	329.906036147881	153.679
53.34	330.907743764051	129.202
53.34	336.906845584498	219.043
53.34	338.906140004143	283.66
53.34	340.89692924087	309.367
53.34	379.923840089305	575.491
53.34	381.920102493356	588.857
53.34	458.81871139244	754.284
53.34	459.823063289924	162.154
53.34	460.806787999418	1389.96
53.34	461.807274549694	246.783
53.34	462.810132359426	1224.46
53.34	463.804890079566	183.471
53.34	516.809651582782	198.413
53.34	550.742639494468	128.208
53.34	614.705115614033	174.25
53.34	616.690906655833	119.844
53.34	644.68110956645	123.207
33.12	185.013757548003	110.516
34.68	111.108862521643	170.533
34.68	154.939041170711	456.379
34.68	156.938868772973	287
34.68	182.92694403945	315.29
34.68	184.922140800073	230.657
34.68	231.069643493157	111.015
34.68	379.737297710757	167.669
34.68	381.739082315802	219.935
34.68	458.596943565854	318.12
34.68	460.593780987128	510.503
34.68	462.590066801108	458.047
34.68	463.582649728211	176.704
34.68	490.5416900703	109.755
34.68	492.549137417772	304.348
34.68	494.555321118019	175.016
34.68	496.563085234592	106.223
34.68	514.549841382427	148.606
34.68	516.547965140514	192.002
34.68	646.356350455293	160.793
34.68	648.372256991225	114
34.68	649.353617185943	127.222
34.68	650.342523242109	117.457
34.68	921.310879379574	127.625
37.74	154.935727970782	384.745
37.74	156.935403261853	499.557
37.74	182.925912184214	228.901
37.74	184.919291086702	212.433
37.74	195.931685721654	148.053
39.3	154.939277847832	100.156
39.3	156.930400389733	237.081
39.3	182.923729875183	209.52
39.3	184.921588951577	230.041
39.3	518.556553635117	156.149
40.86	111.108106436392	242.804
40.86	121.059973562092	104.805
40.86	133.054458393172	110.793
40.86	139.053525740368	119.191
40.86	152.067967861674	105.068
40.86	154.937709723982	1003
40.86	155.04101976236	137.391
40.86	156.933561733913	834.837
40.86	166.043928243985	120.464
40.86	168.035934675037	726.901
40.86	172.913158801874	139.336
40.86	182.928188472355	412.76
40.86	184.921727483596	333.329
40.86	195.935159736115	121.125
40.86	197.930378303351	293.016
40.86	202.980227329556	128.059
40.86	218.926964426249	585.78
40.86	220.919235100665	254.675
40.86	229.904990415854	261.67
40.86	231.910943141125	190.92
40.86	245.884742321918	147.325
40.86	246.897894351494	1168.56
40.86	247.895213093507	283
40.86	248.893651073728	1756.44
40.86	249.897048692184	477.651
40.86	251.901094693174	318.656
40.86	298.773899811265	115.391
40.86	309.770851328965	257.723
40.86	311.776298870895	462.601
40.86	313.768404809266	406.516
40.86	323.861063083388	135.644
40.86	325.747223074651	201.148
40.86	326.750052407455	137.533
40.86	327.750593109417	291.508
40.86	328.7499281407	131.402
40.86	329.740685655668	151.644
40.86	330.743125647939	112.289
40.86	379.742846198705	1060.79
40.86	380.747564973424	155.814
40.86	381.740628242023	777.357
40.86	382.739981030288	278.142
40.86	383.727227696043	217.238
40.86	390.624498007674	157.002
40.86	403.738754492313	122.086
40.86	458.593896775206	1322.57
40.86	460.59276165168	2773.58
40.86	461.591077907577	393.256
40.86	462.590710233129	1704.13
40.86	463.595249897296	368.09
40.86	464.57535894449	121.016
40.86	494.544475458757	107.432
40.86	514.565431118177	141.68
40.86	515.567179198427	143.592
40.86	516.561062711322	270.208
40.86	518.549439169389	132.163
40.86	533.551285565706	131.27
40.86	546.455087682798	217.6
40.86	548.467920370474	166.592
40.86	614.394841728352	112.077
40.86	616.386840631397	171.191
40.86	644.371830095949	128.297
43.92	154.937518957759	161.879
43.92	156.933513164862	350.938
43.92	182.924815682856	136.24
43.92	184.923491136296	334.681
45.48	154.935887470002	147.674
45.48	182.919169179604	159.007
45.48	516.547679804498	110.429
45.48	1150.10149367846	273.143
47.04	111.106797032973	177.241
47.04	133.054438912545	168.17
47.04	139.054642473663	101.769
47.04	152.054299640117	182.13
47.04	154.9386637665	461.559
47.04	155.036760076835	111.281
47.04	156.936492276026	533.607
47.04	168.039174295154	625.416
47.04	182.930343686038	717.89
47.04	184.922205324617	611.063
47.04	185.928109236743	128.491
47.04	198.930105511475	123.811
47.04	218.929810818218	686.309
47.04	220.922229130157	332.8
47.04	221.923187374502	138.166
47.04	229.91414782161	217.625
47.04	231.902681676472	179.738
47.04	246.899647351708	1363
47.04	247.903395576099	349.965
47.04	248.899226393808	1566.18
47.04	249.903761682936	421.163
47.04	250.91880679471	108.49
47.04	251.901863073533	253.236
47.04	296.772433273689	100.05
47.04	298.769596449378	128.25
47.04	309.77552400361	277.48
47.04	311.771603102837	503.973
47.04	312.765735917551	137.341
47.04	313.766621763272	259.444
47.04	314.76601655975	101.552
47.04	315.837699872852	102.72
47.04	325.754217073477	133.723
47.04	327.75190917188	442.19
47.04	329.74723228076	382.408
47.04	330.758060353773	244.001
47.04	332.74745703108	100.529
47.04	379.752948926962	815.05
47.04	380.73620580338	161.223
47.04	381.747496022918	925.633
47.04	382.750012558627	298.699
47.04	392.618661937601	161.556
47.04	458.598448762356	878.114
47.04	459.60735653072	109.023
47.04	460.596264690672	2027.8
47.04	461.605686645287	300.504
47.04	462.596248850571	666.665
47.04	464.606838296957	143.25
47.04	514.569113225223	136.571
47.04	516.552852410883	176.067
47.04	518.549069388489	105.084
47.04	546.479186859702	137.533
47.04	554.793074552826	104.121
47.04	590.421517290449	198.497
47.04	615.422610755911	107.167
47.04	616.411921614943	201.25
47.04	642.369907810467	113.879
47.04	644.377085378016	154.844
50.1	154.942273627	193.408
50.1	156.935165985589	533.671
50.1	182.924781299467	166.011
50.1	184.919517558219	176.339
51.66	156.935150568357	147.061
51.66	182.925645514849	114.166
51.66	184.922972500452	129.539
53.22	41.1700602767428	271.754
53.22	51.0622111772126	106.273
53.22	111.107782316838	197.101
53.22	133.059371627618	190.965
53.22	139.055788851953	171.24
53.22	152.059944937518	144.41
53.22	154.94235561145	260.25
53.22	156.94090119705	398.321
53.22	168.041374234872	427.48
53.22	172.923621122011	149.051
53.22	182.928721947754	327.877
53.22	184.927710773899	267.001
53.22	195.937097834357	145.243
53.22	218.933039216364	585.532
53.22	220.930864474635	536.799
53.22	229.911578014651	160.207
53.22	231.911205141782	281.625
53.22	245.897654761473	138.844
53.22	246.904477083499	768.077
53.22	247.901352751297	282.523
53.22	248.900023046628	831.053
53.22	249.907839419818	317.118
53.22	251.907232158343	237.961
53.22	257.898724819509	447.598
53.22	259.893556337064	356.612
53.22	297.789033014407	100.025
53.22	298.784017871755	122.007
53.22	309.774894257951	275.801
53.22	311.78271908243	370.432
53.22	313.770710303333	156.235
53.22	325.76169290274	145.167
53.22	327.761581362169	233.041
53.22	328.757046835188	122.789
53.22	329.759190235881	166.672
53.22	330.760477255514	144.941
53.22	336.772691063023	185.409
53.22	338.749397843406	374.249
53.22	340.745416923566	250.497
53.22	366.741364315991	121.133
53.22	379.75965599703	600.007
53.22	380.760141347627	163.445
53.22	381.761138944122	442.211
53.22	458.607249705241	616.531
53.22	460.606023212254	883.533
53.22	461.604565696077	150.951
53.22	462.606481813889	534.012
53.22	514.560088598037	101.136
53.22	516.569478055788	276.429
53.22	518.571669531293	265.014
53.22	548.461673656708	105.002
53.22	642.387085965022	223.351
53.22	644.38167745609	127.49
53.22	646.400143345359	158.474
33.42	658.832078617078	144.875
34.98	185.012082268984	238.01
35.52	323.028605679836	102.787
35.52	460.815503578993	206.121
37.56	155.011204745934	201.353
39.66	459.797911029022	116.069
39.66	460.80534574097	128
39.66	462.810651519878	174
43.74	218.338124279718	151.364
43.74	460.804494754822	178.071
43.74	462.802247560706	122.388
43.74	850.80869570537	220.035
45.78	185.007430839626	123.599
45.78	233.681373733385	166.878
47.82	458.79265861765	100.202
47.82	460.797591845145	119
47.82	461.822880696582	127.837
47.82	462.807602305179	165.115
33.36	505.979117261784	132.115
34.98	155.008197190584	335.853
34.98	157.012732429703	173.227
34.98	183.010733010935	158.381
34.98	185.005543099562	337.43
34.98	379.910651658056	148.259
34.98	381.91461826337	148.799
34.98	407.990039818475	126.202
34.98	458.811669196194	199.919
34.98	460.806945368712	298.653
34.98	461.808629297084	190.507
34.98	462.794376766767	248.633
34.98	494.791395882516	144.586
34.98	496.777393421082	141.409
34.98	516.799527347457	294.325
34.98	518.799342177623	171.058
34.98	537.771547197634	114.565
38.04	155.011892064488	496.606
38.04	157.008235460822	815.553
38.04	196.031772539383	128.245
39.54	155.003406581255	179.679
39.54	157.007625254923	256.797
39.54	183.004321241774	136.043
41.16	111.110762167793	432
41.16	112.107784489673	107.634
41.16	121.062252662967	148.063
41.16	133.056437540916	166.189
41.16	152.047673435201	167.837
41.16	154.939966983645	573.322
41.16	156.937010173161	642.024
41.16	168.038705296555	1177.54
41.16	182.923817580907	252.232
41.16	184.922621967525	362.917
41.16	195.935356185518	167.723
41.16	213.914256977929	128.325
41.16	218.922305406125	875.222
41.16	220.922954980574	1037.16
41.16	229.906344781786	362.76
41.16	231.908375484423	272.656
41.16	246.897334613618	975.673
41.16	247.89471599947	470.746
41.16	248.896858960744	1015.77
41.16	249.898582343606	205.397
41.16	250.904473696933	134.923
41.16	251.892597743283	306.013
41.16	309.769989464098	155.073
41.16	311.771174702637	358.439
41.16	315.843249458614	121.449
41.16	317.843552669904	129.816
41.16	325.751334649316	155.73
41.16	326.751375477364	215.002
41.16	327.746899864338	140.414
41.16	328.747488649784	124.19
41.16	329.748762784017	106.198
41.16	330.751007865247	124.768
41.16	375.679416018387	141.05
41.16	379.75076305432	1032.25
41.16	381.749203488147	1052.85
41.16	382.750482527803	234.242
41.16	385.726315170787	166.62
41.16	392.622711703357	125.973
41.16	458.598942206413	858.806
41.16	459.614501474149	117.531
41.16	460.597951888152	1466.47
41.16	461.603449625716	124.613
41.16	462.592276778728	603.447
41.16	463.590285833423	143.682
41.16	516.56188132001	111.587
41.16	516.604456676806	100.002
41.16	518.54259177007	114.463
41.16	548.471517509798	107.161
44.22	154.93536375964	421.006
44.22	155.941530327632	124.083
44.22	156.935562173625	529.547
44.22	1487.11310673429	209.381
45.72	154.939379599606	144.21
45.72	156.934657484904	160.903
45.72	182.925999686585	133.102
45.72	184.920859601046	197.894
47.28	111.117412475917	118.24
47.28	133.075639615076	393.445
47.28	139.07663064411	145.346
47.28	152.080444098795	211.227
47.28	154.96296122287	478.625
47.28	156.961294192752	638.096
47.28	168.064040005307	1245.65
47.28	169.066811664216	182.717
47.28	170.059460459184	113.934
47.28	170.949791184435	316.459
47.28	182.9552	485.858
47.28	184.949219401222	362.629
47.28	190.712088504294	103.13
47.28	218.960271272916	1358.67
47.28	220.957873091833	1040.2
47.28	221.957392221258	221.8
47.28	229.949038990925	315.67
47.28	231.941386123274	275.335
47.28	245.925796494639	277.1
47.28	246.937265192273	1047.64
47.28	247.94072125473	309.632
47.28	248.935604875596	761.907
47.28	249.939985786966	709.251
47.28	251.94098166804	385.026
47.28	298.812380018735	104.184
47.28	309.818681258648	389.678
47.28	311.817859086639	556.056
47.28	313.825420860526	263.898
47.28	315.890294240128	176.532
47.28	325.803654790503	235.504
47.28	326.790739349393	102.089
47.28	327.806728709109	391.006
47.28	328.802684182931	115.568
47.28	330.793528628175	198.361
47.28	375.745926071776	115.604
47.28	377.726475069504	152.231
47.28	379.806645895569	1081.08
47.28	380.815870664544	193.083
47.28	381.807727378175	1033.76
47.28	392.684772482358	382.222
47.28	399.772980905887	116.452
47.28	458.6642220279	744.767
47.28	459.676074351847	105.101
47.28	460.665782854252	1690.79
47.28	461.670918719033	320.728
47.28	462.669125091153	596.765
47.28	463.671772651511	154.654
47.28	481.643046606849	123.438
47.28	516.638310846905	251.283
47.28	535.642282785789	137.829
47.28	548.550688891655	113.056
47.28	584.368677752991	103.781
47.28	614.488510022681	175.445
50.34	76.0762892603657	149.202
50.34	154.96460188318	555.462
50.34	156.958079862458	992.779
51.9	154.96443588463	288.974
51.9	156.958102253425	168.875
51.9	182.957063102102	269.178
51.9	184.960126243187	138.469
53.46	111.108167195237	235.333
53.46	128.067226959909	101.241
53.46	139.045837076717	116.488
53.46	154.939698709507	840.34
53.46	156.93887572709	403.112
53.46	168.041066344782	449.917
53.46	169.044397741313	161.02
53.46	179.036072171879	120.125
53.46	182.928088468749	235.197
53.46	184.921751479855	250.104
53.46	218.927317338817	674.101
53.46	219.926148411907	314.422
53.46	220.926841992687	1222.83
53.46	229.910948220558	190.173
53.46	231.909864064026	240.44
53.46	246.899836939722	358.62
53.46	247.903969518454	148.367
53.46	248.898747199959	355.786
53.46	249.900286794843	224.099
53.46	250.905382893053	101.266
53.46	251.90318642434	210.716
53.46	257.894903355372	208.07
53.46	259.893367980972	384.8
53.46	260.89584585573	106.314
53.46	296.781288152037	118.762
53.46	311.77194048592	378.115
53.46	313.76194432901	160.258
53.46	317.83539787585	107.289
53.46	327.747833800995	114.107
53.46	329.749656882228	123.003
53.46	330.752336796474	125.692
53.46	336.75584513749	124.326
53.46	338.748756067589	278.255
53.46	340.754979229705	129.009
53.46	379.747914760797	650.921
53.46	381.751386708131	655.245
53.46	382.753315240223	230.346
53.46	390.62543003303	104.111
53.46	458.610540887936	432.129
53.46	460.600363432531	849.01
53.46	461.605102146655	176.664
53.46	462.595566740176	467.337
53.46	492.55449392619	103.09
53.46	494.564411702674	128.047
53.46	516.561587847565	264.07
53.46	518.555905046672	344.923
53.46	642.375448700675	131.571
33.18	487.225298892996	256.668
34.74	155.002964491686	351.085
34.74	156.990558806085	377.904
34.74	166.113644898502	245.352
34.74	168.102166032218	158.483
34.74	182.993444521457	718.127
34.74	183.992706791769	117.017
34.74	184.991507060506	696.178
34.74	219.004736464312	136.438
34.74	220.01116246627	105.051
34.74	221.005404619607	136.698
34.74	230.003433579079	215.021
34.74	231.98940593834	284.056
34.74	259.993780487655	137.315
34.74	379.886035267768	143.738
34.74	390.767018261197	213.001
34.74	458.773921704468	249.321
34.74	460.768327468909	287.114
34.74	462.757636081946	142.409
34.74	494.73864113746	190.013
34.74	514.755419235411	310.521
34.74	516.750391311832	423.39
34.74	517.751217847289	114.457
34.74	518.763833097333	183.011
34.74	646.623648211772	116.658
34.74	648.584843772276	106.396
34.74	650.599846055571	102.75
37.8	154.998487920275	603.865
37.8	155.997449906471	114.625
37.8	156.994546610317	1091.47
37.8	182.99603859569	306.188
37.8	184.993010257606	436.388
37.8	192.99808571507	114.002
39.36	101.108434591246	271.754
39.36	154.996914211546	162.467
39.36	156.995481120793	250.72
39.36	177.97173135007	153.012
39.36	182.994909672264	292.215
39.36	184.99560174479	602.765
39.36	516.748667275806	162.365
39.36	518.761885775493	102.114
40.92	51.0793121816573	100.904
40.92	126.096950248069	171.625
40.92	128.114383899031	262.481
40.92	129.116924978939	181.139
40.92	131.001917745217	131.163
40.92	132.998185376458	123.485
40.92	139.103169252095	244.135
40.92	140.11370149408	223.885
40.92	142.999302198172	178.132
40.92	152.106258898833	209.35
40.92	153.111531131329	166.142
40.92	154.994493253375	1141.88
40.92	155.091017553717	177.84
40.92	156.992568249291	2308.24
40.92	157.997609748953	101.413
40.92	158.985550737797	288.904
40.92	160.992136298133	184.625
40.92	168.099596131729	2320.32
40.92	169.106183270515	266.483
40.92	170.093823757159	180.571
40.92	170.984369077119	167.231
40.92	172.979064773401	139.93
40.92	182.993991647429	1242.26
40.92	184.989225482022	1368.25
40.92	185.988946276558	157.005
40.92	219.004403595647	5254.15
40.92	219.129036950656	119.042
40.92	220.008472439706	589.881
40.92	221.002657717586	4540.32
40.92	221.126395986978	104.098
40.92	222.003111062254	339.299
40.92	229.994137527679	844.72
40.92	230.995932686785	149.083
40.92	231.98870659294	665.588
40.92	232.991246111747	171.817
40.92	245.982415537435	233.103
40.92	246.990446581693	586.82
40.92	247.988635919417	442.35
40.92	248.985805085233	760.004
40.92	249.99269037887	447.878
40.92	250.991698656219	193.989
40.92	251.98999690768	519.284
40.92	296.887659140569	199.467
40.92	298.879489387324	364.5
40.92	300.87752275615	128.081
40.92	309.885769681096	328.719
40.92	310.877437930865	128.333
40.92	311.87973070728	1093.01
40.92	313.879532074637	403.393
40.92	314.881756044508	128.001
40.92	315.957599519506	819.141
40.92	317.949260652535	552.135
40.92	321.975932401837	161.266
40.92	322.975091047075	124.172
40.92	323.98001540784	152.469
40.92	325.864788781124	106.531
40.92	326.877666166489	204.219
40.92	327.869726137608	436.837
40.92	330.893193780524	149.361
40.92	374.868693518177	105.682
40.92	377.815038794422	190.641
40.92	379.88800942544	780.31
40.92	380.883675859503	192.88
40.92	381.886644491511	566.855
40.92	385.862330519078	116.072
40.92	387.858934698715	111.625
40.92	390.760773122794	285.256
40.92	392.751237236472	168.008
40.92	458.763398621079	1516.25
40.92	459.750278271859	131.321
40.92	460.764458674829	2592.58
40.92	461.761323903567	321.485
40.92	462.758547440439	1152.38
40.92	463.760709853182	145.08
40.92	492.73285110895	139.337
40.92	494.74436030827	155.297
40.92	514.753880837788	195.01
40.92	516.754192995477	263.654
40.92	518.747497909556	248.667
40.92	535.736837097495	117.581
40.92	546.677146031882	133.5
40.92	548.662992668388	244.76
40.92	833.244318148302	114.081
43.98	154.996381636579	627.467
43.98	156.992769222818	664.465
43.98	182.998021452164	299.163
43.98	184.988648559356	205.86
45.54	182.992820597604	263.256
45.54	184.987611676533	284.645
47.1	115.111804375401	136.636
47.1	128.11300629287	113.19
47.1	132.997182008423	180.001
47.1	139.104307962466	643.98
47.1	140.107507311968	206.705
47.1	152.110117025331	766.009
47.1	154.996517855241	994.191
47.1	155.999211659186	164.139
47.1	156.992505545303	1448.92
47.1	158.986430459614	142.2
47.1	160.991091592826	100.05
47.1	168.101596002565	1727.35
47.1	169.100765464827	325.737
47.1	172.986597162915	105.345
47.1	182.993608214932	1064.61
47.1	184.99128671168	1103.96
47.1	185.992204401327	153.214
47.1	206.010943509929	104.002
47.1	219.007152698433	4168.12
47.1	220.009294895776	402.067
47.1	221.005213876828	3168.76
47.1	222.004796174737	730.894
47.1	229.994471908214	815.654
47.1	231.99235162667	700.296
47.1	245.979110916982	160.128
47.1	246.990608472104	482.72
47.1	247.981095028625	421.903
47.1	248.989921719892	681.222
47.1	249.994636225453	595.333
47.1	251.990253329571	354.92
47.1	298.878345048416	362.398
47.1	300.888610678669	163.158
47.1	309.884598398456	455.503
47.1	310.885940276329	142.108
47.1	311.885708846547	700.182
47.1	312.889344190839	179.121
47.1	313.880531022804	459.028
47.1	314.879200077142	108.5
47.1	315.956712766408	345.683
47.1	317.95248506067	287.69
47.1	323.987900731954	187.284
47.1	326.877995805706	118.779
47.1	327.87160754492	226.885
47.1	328.873207136734	115.006
47.1	372.889562338301	110.41
47.1	373.830697991494	101.671
47.1	375.811291867878	299.099
47.1	377.825321495575	101.456
47.1	379.888301132776	348.173
47.1	381.888451991595	519.654
47.1	382.895270967636	111.75
47.1	387.869883984382	106.125
47.1	390.760939354403	400.797
47.1	392.763845828466	178.462
47.1	403.865566438598	110.645
47.1	458.776001330426	1004.04
47.1	459.771427345045	221.227
47.1	460.763454068369	2072.62
47.1	461.76542859776	458.515
47.1	462.764776207654	1106.74
47.1	463.758425190642	269.043
47.1	492.734793904778	157.606
47.1	514.754958963517	294.824
47.1	516.754022557707	467.729
47.1	518.74934962029	206.375
47.1	533.741422656355	272.028
47.1	535.73277753159	125.189
47.1	546.684032239231	147.391
47.1	548.686884677268	121.441
47.1	642.62432945548	131.391
47.1	850.462405249193	115.19
47.1	1201.43885771562	108.911
47.1	1294.9403768189	137.023
50.16	154.998042460715	1145.23
50.16	156.002626806617	112.667
50.16	156.99266066857	822.634
50.16	182.991914014349	630.421
50.16	184.986603907473	244.246
51.72	154.994341635627	298.187
51.72	156.9940103823	202.132
51.72	182.993339493223	292.643
51.72	184.990723123892	472.143
51.72	514.747010833809	231.281
51.72	516.751682080103	265.067
51.72	518.747344637161	191.45
53.28	111.150113984507	147.42
53.28	115.108408470245	132.195
53.28	128.112698543718	211.361
53.28	139.102310404118	375.133
53.28	140.108018474504	432.418
53.28	144.106986819456	249.175
53.28	152.107829507662	248.556
53.28	154.993621505802	1143.61
53.28	155.09582441416	100.368
53.28	156.990763731016	1091.13
53.28	167.118637047254	258.003
53.28	168.099487357811	2112.73
53.28	169.106207954235	428.539
53.28	171.108649666491	105.24
53.28	172.980766205359	100.375
53.28	175.110173100092	115.266
53.28	179.097871392773	263.023
53.28	182.993910469043	1150.56
53.28	183.992624542054	185.54
53.28	184.986952405646	747.274
53.28	193.003138918164	106.01
53.28	219.006327338739	3229.12
53.28	220.010968105796	412.166
53.28	221.002020903348	3772.35
53.28	222.005443354122	409.879
53.28	229.994297363553	587.623
53.28	230.995960659655	103.333
53.28	231.991356638375	511.413
53.28	245.985361037232	251.477
53.28	246.990307126545	410.781
53.28	247.976817817566	284.166
53.28	248.985941449047	306.685
53.28	249.992079696329	604.351
53.28	251.990478825725	655.444
53.28	252.989134607795	170.256
53.28	257.986503176192	526.336
53.28	259.985714877975	864.179
53.28	260.987067840911	111.018
53.28	261.997820505685	177.24
53.28	281.991553857701	104.769
53.28	296.877468413946	104.907
53.28	298.879450839083	285.682
53.28	309.88421126317	361.15
53.28	311.887314971447	655.489
53.28	312.894013131184	125.019
53.28	313.886613979862	261.683
53.28	314.885870089269	134.625
53.28	315.959272498743	336.547
53.28	317.949722035436	390.612
53.28	321.978120560028	110.794
53.28	323.98131862744	145.232
53.28	327.872137636482	195.625
53.28	328.890820922079	164.151
53.28	330.871362183408	302.976
53.28	332.865880638931	201.141
53.28	338.862499422936	223.565
53.28	340.866273290866	233.127
53.28	341.873958938202	102.012
53.28	366.860149213776	142.444
53.28	375.814883175849	249.408
53.28	379.889863443746	174.509
53.28	380.902425031149	165.485
53.28	381.882983818878	376.75
53.28	388.768695578633	129.625
53.28	458.767071354352	1108.44
53.28	459.776465707131	289.242
53.28	460.761801263712	2024
53.28	461.752157120976	351.017
53.28	462.761654692434	1165.89
53.28	463.748611341555	232.2
53.28	494.725881692928	146.857
53.28	514.754109092354	356.011
53.28	516.744428639468	547.302
53.28	518.741864584222	353.68
53.28	535.747577331724	100.004
53.28	614.610799608886	100.038
53.28	616.672935328055	120.267
34.8	155.008414640749	117.875
34.8	157.00822843592	265.164
34.8	185.008622246031	537.03
34.8	295.054699722797	103.784
34.8	458.802080332052	136.893
34.8	460.81111332989	350.938
34.8	494.780671005122	145.564
34.8	516.792723643324	218.291
37.86	75.0889689209933	154.455
37.86	76.1013184564396	156.614
37.86	155.014024484524	614.272
37.86	157.004819289564	427.885
37.86	276.179135140422	173.521
39.42	155.0084162078	241.375
39.42	157.008651269282	429.391
40.98	111.153191345806	142.371
40.98	132.996433505879	111.405
40.98	139.105752357396	315.891
40.98	154.997020440289	482.848
40.98	156.996000080226	433.722
40.98	168.102213610396	1615.84
40.98	169.104430186196	183.117
40.98	170.105167979587	142.32
40.98	170.98817020611	154.89
40.98	172.014805389666	121.556
40.98	182.99501212149	711.769
40.98	184.996752242486	351.528
40.98	196.008876816506	212.885
40.98	198.011256785498	283
40.98	214.000405599771	205.373
40.98	219.012892418584	1574.54
40.98	220.009842509745	142.722
40.98	221.01182108455	1744.78
40.98	222.010966700334	309.309
40.98	229.998373973838	456.027
40.98	231.996653822147	420.396
40.98	245.987433676396	225.324
40.98	246.994748046056	917.103
40.98	247.997166635641	225.672
40.98	248.995635308173	872.277
40.98	249.990982041047	334.615
40.98	251.994742957994	181.881
40.98	264.987615932931	103.669
40.98	309.892890108748	257.196
40.98	311.88689908604	197.5
40.98	313.882643146571	136.248
40.98	315.967820910629	133.26
40.98	323.994194046289	107.432
40.98	325.870268624988	166.911
40.98	326.865846151744	138.125
40.98	328.877206266576	114.26
40.98	330.884236964912	252.571
40.98	375.821940888436	113.231
40.98	379.899142269986	683.102
40.98	380.896093414342	100.017
40.98	381.893903059681	962.091
40.98	382.899037456813	157.364
40.98	383.884268466942	130.059
40.98	388.769255112084	142.669
40.98	390.781678953902	158.042
40.98	392.768228245373	105.198
40.98	394.76631432005	115.918
40.98	402.859899945011	109.903
40.98	458.775763783716	1053.36
40.98	459.770483592005	134.348
40.98	460.771491730516	1465.22
40.98	461.779884036134	204.002
40.98	462.774080682451	991.8
40.98	463.769939825499	232.326
40.98	514.751011538835	166.723
40.98	516.754877681564	214.038
40.98	517.747987173141	111.89
40.98	518.752017871716	159.889
40.98	535.781086667556	114.542
40.98	546.638995931315	122.029
40.98	612.620327236512	116.532
40.98	617.601936467645	133.848
44.04	50.0748672809626	107.16
44.04	75.0870793126407	113.446
44.04	76.0932092595635	440.244
44.04	155.002310678981	372.029
44.04	156.994146858878	193.9
45.6	155.002494634628	330.012
45.6	156.994934475026	223.224
45.6	510.427175390269	122.183
47.16	121.103135845487	111.848
47.16	139.108270010762	176.02
47.16	152.107029209308	120.091
47.16	153.105808530261	118.903
47.16	154.996831327759	598.642
47.16	155.104674706251	121.28
47.16	156.992996603293	297.516
47.16	168.101070107217	1230.78
47.16	169.102884061624	221.389
47.16	182.995671136171	192.722
47.16	184.991499949995	593.391
47.16	219.005851966289	2188.53
47.16	220.00593878453	251.923
47.16	221.004655810509	1610.31
47.16	222.008069235844	226.49
47.16	229.992740745362	191.84
47.16	230.994576243643	182
47.16	231.991429390033	523.107
47.16	245.981385914993	149.96
47.16	246.993273189747	504.418
47.16	247.995375655495	126.882
47.16	248.989604309564	706.636
47.16	249.995845732192	422.962
47.16	251.989961575895	290.052
47.16	296.882662492407	125.265
47.16	298.883632065184	235.758
47.16	300.875597539481	114.061
47.16	309.88321727893	194.25
47.16	311.880385964103	419.961
47.16	313.893615049936	193.6
47.16	315.971049953186	120.803
47.16	325.880721039014	105.032
47.16	327.876709996046	137.309
47.16	329.86753073855	112.961
47.16	375.813948523888	106.925
47.16	379.888495747199	774.01
47.16	380.888650367183	146.84
47.16	381.886321173539	685.589
47.16	382.879284798166	136.602
47.16	383.886058860359	108.174
47.16	388.770635425734	159.033
47.16	390.766843097732	105.845
47.16	392.788846540455	176.191
47.16	458.768992088259	1051.63
47.16	459.762150149192	140.512
47.16	460.76888271081	1648.03
47.16	461.77897553345	241.103
47.16	462.763710972028	722.758
47.16	463.755599161359	108.043
47.16	514.749158600571	189.939
47.16	516.747833682002	169.056
47.16	517.75887583709	102.881
47.16	518.747405508685	160.24
47.16	533.769115748581	154.926
47.16	535.748040760782	111.389
47.16	537.744519557295	147.049
47.16	546.688202580549	119.336
47.16	548.675509535837	187.508
47.16	921.65452616686	135.237
50.22	75.0870370067272	186.202
50.22	154.997919346564	264.719
50.22	156.995967158194	402.893
51.78	154.998254017262	191.454
51.78	156.997887699439	300.286
53.34	111.144584859068	137.002
53.34	112.149591062384	104.1
53.34	139.102860678421	316.533
53.34	140.110447349564	111.441
53.34	152.10974148818	118.097
53.34	154.994039754339	489.955
53.34	156.993647777593	497.145
53.34	168.100179772372	934.893
53.34	182.995679860083	496.278
53.34	184.991684870098	307.781
53.34	214.989496221788	126.05
53.34	219.001986158827	1543.77
53.34	220.009743924666	288.125
53.34	221.001555390758	1557.06
53.34	222.000617075177	162.818
53.34	229.988773897603	218.719
53.34	231.989847066696	348.716
53.34	234.992437177781	115.014
53.34	245.979115331355	176.455
53.34	246.988030078955	408.283
53.34	247.969086786	213.879
53.34	248.094633976493	118.926
53.34	248.984767953036	377.972
53.34	249.989768511661	340.715
53.34	250.994224886129	341.52
53.34	251.988248429431	328.89
53.34	252.99155393834	125.043
53.34	257.983282588612	193.641
53.34	259.980794144726	262.531
53.34	267.102314903022	131.963
53.34	298.872662727696	130.698
53.34	309.878831387277	249.368
53.34	311.880993612379	291.168
53.34	315.951632464208	206.407
53.34	317.950112908949	247.891
53.34	327.86769182975	116.911
53.34	328.860615027463	207.22
53.34	329.864901643927	132.107
53.34	330.882446282831	133.173
53.34	338.842020654799	113.875
53.34	338.89091514065	175.365
53.34	377.870525753133	113.032
53.34	379.876114224715	217.018
53.34	381.884365047796	384.13
53.34	390.767634601855	125.49
53.34	458.760246749555	400.562
53.34	459.759165072551	145.094
53.34	460.754015918328	966.267
53.34	461.771683710554	161.704
53.34	462.758091772461	354.13
53.34	463.743553662989	111.115
53.34	514.749134071902	188.471
53.34	516.739017294831	217.011
53.34	518.750706113036	119.315
53.34	533.737750514852	120.288
53.34	644.593363044714	102.352
34.74	154.969051845171	426.043
34.74	156.963429517066	319.045
34.74	170.949016711924	154.012
34.74	182.9552	262.688
34.74	184.957251693605	475.309
34.74	185.965947355479	132.805
34.74	229.95620652827	121.208
34.74	231.952048063894	177.042
34.74	257.932952221534	143.044
34.74	379.809741622858	263.547
34.74	380.797254826585	112.316
34.74	458.679149964236	148.735
34.74	459.678320556656	157.331
34.74	460.684343010959	165.64
34.74	461.677395284215	138.371
34.74	462.672023233014	138.556
34.74	492.649125259064	184.463
34.74	494.644058194862	146.222
34.74	514.66876800874	129.844
34.74	516.650761011144	202.087
34.74	518.659216696941	214.005
34.74	534.651807549071	125.02
34.74	646.455452527454	151.001
37.74	50.0643959136341	407.124
37.74	51.0692608720094	108.923
37.74	74.0625796304808	179.325
37.74	75.0673961879504	196.72
37.74	76.0766011101647	849.005
37.74	105.072951211726	190.942
37.74	156.961198030512	228.006
39.3	154.966542809773	576.463
39.3	156.960596970563	598.201
40.86	99.0813442452073	141.402
40.86	111.147854859596	145.481
40.86	128.112976112272	294.745
40.86	131.000967873995	169.011
40.86	132.998829240794	132.356
40.86	139.103024753285	554.173
40.86	140.108014662537	277.347
40.86	152.110275454572	494.08
40.86	154.99477148375	1555.23
40.86	155.997182008724	226.571
40.86	156.995221964893	1479.94
40.86	158.990003203987	108.225
40.86	160.983921203018	151.405
40.86	168.099072658561	2617.47
40.86	169.105763000202	364.389
40.86	170.981669554192	274.447
40.86	172.984787777564	140.45
40.86	182.993179470819	1511.21
40.86	184.000646828196	119.857
40.86	184.989596275101	1087.83
40.86	185.986651628613	100.003
40.86	219.006119553211	4028.8
40.86	220.006138567777	381.009
40.86	221.002379510284	3937.94
40.86	222.005118614924	334.18
40.86	229.993893742017	647.513
40.86	231.991930305912	465
40.86	245.980874753551	297.43
40.86	246.990393617604	994.785
40.86	247.991414266041	519.184
40.86	248.98236689223	996.281
40.86	249.991574723587	763.892
40.86	250.996719094147	221.25
40.86	251.988059730778	415.332
40.86	252.990049700627	233.685
40.86	296.883687058134	153.365
40.86	298.884716570256	361.108
40.86	300.873318467578	138.78
40.86	309.877851356992	390.107
40.86	310.880213681536	220.96
40.86	311.88655504328	877.155
40.86	312.894886507094	150.29
40.86	313.88130833772	306.889
40.86	315.957544441793	370.878
40.86	317.942832456668	158.384
40.86	323.97716198491	225.413
40.86	325.887516427677	188.235
40.86	327.86717772599	493.02
40.86	328.872711934212	220.893
40.86	330.873653910681	300.778
40.86	332.869467933213	122.028
40.86	375.804831236062	160.16
40.86	379.888143685115	1349.49
40.86	380.894047771696	110.007
40.86	381.885049525269	799.977
40.86	383.869820641274	239.444
40.86	385.861615376422	166
40.86	388.772748789063	139.449
40.86	390.765173737495	159.432
40.86	392.754099449453	166.599
40.86	403.865935700134	184.041
40.86	405.851091879426	194.123
40.86	430.835232617463	151.086
40.86	458.769827289727	1298.64
40.86	459.769608497697	221.225
40.86	460.763001502042	3131.11
40.86	461.764721686965	362.8
40.86	462.758435072501	1107
40.86	463.755865279635	250.698
40.86	464.744686984885	117.669
40.86	490.731873229997	103.594
40.86	492.72777967776	153.355
40.86	494.736017310288	112.522
40.86	514.756164505993	216.531
40.86	516.747382980284	638.754
40.86	535.754695906735	183.723
40.86	536.768325112972	101.574
40.86	537.74337823497	150.15
40.86	538.756493489764	100.12
40.86	544.662522095057	159.674
40.86	546.670363687568	166.721
40.86	614.612308249574	154.112
40.86	618.627332748548	203.542
40.86	1001.13124552061	257.125
43.92	50.0739667693263	369.162
43.92	74.0737774073023	133.22
43.92	75.0832621208327	298.03
43.92	76.0915363656881	730.592
43.92	154.993158023444	112.043
45.48	154.997192111158	397.764
45.48	156.992965429442	236.237
47.04	128.119499963042	109.408
47.04	131.003860960261	295.161
47.04	139.106720260681	535.327
47.04	140.112481276999	405.443
47.04	152.108205543976	407.304
47.04	154.998809685066	1690.21
47.04	156.993772454149	1398.69
47.04	158.000359348667	117.6
47.04	158.991115043979	327.844
47.04	160.987760804202	257.112
47.04	168.101778689553	3268.26
47.04	168.183017022262	125.284
47.04	169.103144423653	300.087
47.04	170.987052302442	290.562
47.04	172.98338883624	191.006
47.04	182.995047330724	730.227
47.04	184.002639415906	105.893
47.04	184.99222344874	1161.61
47.04	219.007585423735	3778.28
47.04	220.005851621758	597.59
47.04	221.005482858309	4195.24
47.04	222.005570609529	515.174
47.04	229.996296592883	753.435
47.04	231.001677100737	200.283
47.04	231.995896942597	521.344
47.04	232.987720421346	101.134
47.04	245.985809923614	170.161
47.04	246.988196379975	537.379
47.04	247.98548086738	374
47.04	248.988657018128	592.717
47.04	249.991396578175	400.208
47.04	250.992066973554	151.75
47.04	251.993431249598	788.314
47.04	252.989360352035	126.565
47.04	296.887738876224	303.17
47.04	298.887821226319	224.625
47.04	300.891208987927	187.267
47.04	309.88651370439	273.556
47.04	310.887960450784	111.967
47.04	311.88306414069	570.511
47.04	312.883700004558	197.811
47.04	313.884389536738	306.92
47.04	314.881181231298	102.174
47.04	315.954622139493	371.98
47.04	316.959986280173	102.297
47.04	317.951898714462	480.107
47.04	325.872449427327	146.713
47.04	327.866943969691	210.644
47.04	329.872334164665	300.032
47.04	330.875340110276	162.4
47.04	348.994949548157	114.483
47.04	375.81557997178	209.007
47.04	377.814500675914	104.89
47.04	379.893833186266	514.206
47.04	381.886857398943	794.8
47.04	382.896542296438	104.889
47.04	383.871560934987	174.112
47.04	388.76284771158	103.45
47.04	390.76679670139	128.284
47.04	392.760563313391	318.265
47.04	403.853243362355	145.857
47.04	430.839006038146	107.015
47.04	458.769166609356	1306.69
47.04	459.772910264007	260.025
47.04	460.76885916387	3328.52
47.04	461.773149827356	384.001
47.04	462.76385326523	1190.88
47.04	463.775235281026	135.061
47.04	514.750912541067	202.103
47.04	516.751755672122	572.761
47.04	518.749244971473	219.633
47.04	520.746570782617	129.25
47.04	535.740470089729	131.002
47.04	548.680158758536	186.298
47.04	614.643957885341	138.339
47.04	940.341910517165	156.447
50.1	50.0743857042709	600.894
50.1	74.0757769518918	275.185
50.1	75.0824380550668	274.862
50.1	76.0925945629164	983.914
50.1	583.316158475199	279.878
50.1	848.837249249709	182.053
51.66	154.995082561726	668.325
51.66	156.99217422713	561.643
51.66	748.119454096159	266
53.22	111.143942197219	154.36
53.22	128.1124611036	213.338
53.22	139.104049751714	217.036
53.22	152.106912780841	421.408
53.22	154.996210669094	978.507
53.22	156.994349287246	864.456
53.22	168.101086975277	1607.04
53.22	169.102007561308	283.475
53.22	170.988736799044	107.433
53.22	172.983886464285	133.085
53.22	179.096389033624	131.225
53.22	182.9959555542	1140.27
53.22	184.990073268742	938.462
53.22	219.007196067984	2891.01
53.22	220.012795337637	370.471
53.22	221.004983944469	3724.32
53.22	222.011724835946	357.02
53.22	229.994123343975	343.03
53.22	231.989332265682	313.843
53.22	245.982465719833	230.445
53.22	246.993814238266	424.628
53.22	247.988776413399	358.408
53.22	248.987566020165	550.618
53.22	249.994363737766	652.36
53.22	250.997945773902	150.619
53.22	251.990726057874	459.942
53.22	257.993687552903	625.206
53.22	258.994796915775	169.619
53.22	259.988893109351	847.744
53.22	296.881909756013	239.4
53.22	298.881450945143	273.309
53.22	300.889197199396	181.298
53.22	309.891519021645	390.994
53.22	311.885292855267	660.002
53.22	313.886868292813	390.746
53.22	315.959098445142	230.472
53.22	317.955001999406	322
53.22	321.973954835608	132.027
53.22	327.883048614945	148.135
53.22	329.868761430816	156.391
53.22	330.877275907183	214.965
53.22	336.875893000432	214.841
53.22	338.87351067117	427.081
53.22	339.875520623683	142.42
53.22	364.861301757141	176.964
53.22	366.864534919322	151.016
53.22	379.891406339415	484.165
53.22	381.889675915863	300.598
53.22	391.780723362634	115.681
53.22	399.840317299146	104.634
53.22	400.873569197062	243.014
53.22	458.768995521384	716.287
53.22	459.770958535428	114.04
53.22	460.765426408405	1529.06
53.22	461.76592026407	202.463
53.22	462.767320041155	671.391
53.22	463.772375527861	237.889
53.22	514.748358916388	216.962
53.22	516.750495372102	720.94
53.22	518.740719976519	196.008
53.22	535.746260617761	132.021
53.22	646.612161489628	104.558
