#SEC	MZ	INT
36.54	51.0239300748795	1483.9
36.54	53.0028435045281	163.36
36.54	63.0209029978973	108.415
36.54	64.0287628788624	118.256
36.54	66.0351751083431	240.147
36.54	78.0343537046931	767.422
36.54	92.0265152733366	1475.48
36.54	93.0293183157887	122.495
36.54	94.0298870218755	2100.54
36.54	95.0340689437966	177.425
36.54	150.030489990346	12414.6
36.54	150.134601524131	271.706
36.54	151.032296031367	590.861
36.54	152.035340106171	191.174
36.54	158.062259375055	164.15
36.54	159.051255594818	100.337
37.08	51.0249403810158	596.388
37.08	78.0371659212362	355.422
37.08	92.0271955903117	547.22
37.08	94.0300375172752	1512.08
37.08	111.0917	481.396
37.08	122.0270182135	4.686
37.08	150.031098268308	7843.28
37.08	150.134825605368	218.181
37.08	151.03073583988	289.899
37.08	449.009055852282	3492.57
37.08	450.016581093841	525.311
37.08	451.014285704197	336.016
37.08	747.991609238911	367.556
37.08	919.920822167665	369.48
37.08	922.009798	803.688
37.08	1046.96755643644	671.488
37.08	1047.97053560408	374.334
37.08	1218.91118212036	742.813
37.08	1220.90718963329	216.686
37.08	1345.94264878883	830.001
37.08	1346.95529021218	344.001
37.08	1347.95572539579	214.803
37.08	1348.94160226962	209.765
39	51.024847976064	1302.1
39	52.0253039561393	172.36
39	53.0056960177568	386.554
39	67.0174226438052	120.554
39	78.0345218453982	777.127
39	92.0266841326332	912.861
39	94.0317950369096	1212.2
39	95.0308521887984	217.068
39	150.031113536367	10441.3
39	150.136747006256	243.164
39	151.035656149033	710.223
39	325.250977276581	257.023
39	1319.93840566585	225.483
39.54	51.0245602349649	375.898
39.54	52.0271954020223	256.058
39.54	78.0358309297239	654.982
39.54	92.0289239086126	474.356
39.54	94.0304257240605	1190.02
39.54	96.0460302543964	223.758
39.54	111.0917	922.787
39.54	119.059637791862	301.409
39.54	122.025536724235	4.814
39.54	150.03067299351	7992.95
39.54	151.033469391727	625.293
39.54	449.012242412443	3344.39
39.54	450.017267446616	777.443
39.54	451.011753676727	527.415
39.54	747.990006255777	557.367
39.54	922.009798	499.053
39.54	923.011944283876	216.113
39.54	1046.9900718204	833.961
39.54	1218.91525428985	501.375
39.54	1345.9738706053	999.435
39.54	1346.97543146901	449.247
39.54	1347.96292270496	340.478
39.54	1644.93611265614	286.169
39.54	1943.94638778834	208.12
41.46	50.0134397080099	140.352
41.46	51.0250418931155	1014.2
41.46	52.0265366126838	108.337
41.46	53.0023265783602	210.071
41.46	66.0346482864392	237.924
41.46	78.0369185852321	547.438
41.46	92.0270303875664	1355.74
41.46	93.0327518740849	105.34
41.46	94.029995865701	1668.82
41.46	95.0318924393214	172.817
41.46	150.030831848228	10301
41.46	150.133909986567	265.369
41.46	151.033138463719	900.457
41.46	348.183139562515	261.025
41.46	603.61425185606	257.408
42	51.0252381183251	533.931
42	52.0231986381027	219.29
42	78.0334614394037	595.014
42	92.0276909367061	783.352
42	94.030127763702	1438.33
42	105.059696205269	310.232
42	111.0917	1396.02
42	122.024688514743	2.197
42	150.030742618569	9337.57
42	150.132857361586	225.112
42	151.030299402809	346.388
42	449.012531371398	3213.81
42	450.015560553913	653.274
42	451.014798466608	304.574
42	748.005442028168	526.783
42	922.009798000172	738.05
42	1046.98810543886	729.447
42	1047.99266027454	328.062
42	1218.92693993348	351.426
42	1345.97514444546	871.782
42	1347.0018242531	302.5
42	1347.98520971469	288.695
42	1644.95616750572	295.789
43.92	51.0242763418139	1477.82
43.92	52.0286839823969	136.059
43.92	53.0029975330156	184.002
43.92	63.0232007450902	177.619
43.92	66.033235012868	146.123
43.92	67.0182933607434	168.046
43.92	78.0353427301687	971.947
43.92	80.0151081693552	112.884
43.92	92.0269005536958	2289.72
43.92	93.0282266086789	219.755
43.92	94.0307473007075	1716.31
43.92	95.0339728629769	184.025
43.92	150.030493049778	12011.1
43.92	150.134005305822	282.503
43.92	151.033906121839	819.002
43.92	226.036617237543	259.042
44.46	51.0237704196991	666.719
44.46	78.0327129461332	619.36
44.46	92.0250211793516	836.957
44.46	94.0286920861494	2341.11
44.46	111.0917	1212.88
44.46	122.02396648741	6.315
44.46	150.028961067201	10634.2
44.46	150.134351503176	244.621
44.46	151.030816969524	864.84
44.46	449.006862784814	3947.86
44.46	450.012487674923	773.49
44.46	451.011385827388	251.664
44.46	747.977159051365	375.163
44.46	919.927385835181	212.524
44.46	922.009798	479.004
44.46	1046.97053043964	1117.6
44.46	1048.96955386977	262.375
44.46	1218.90713188715	417.28
44.46	1345.96508480372	881.674
44.46	1346.95006475823	306.391
44.46	1347.95290247317	266.762
44.46	1645.91661020995	225.117
46.38	51.023504083287	1846.12
46.38	51.0846847327603	120.449
46.38	52.0210195560106	147.806
46.38	53.0032005036168	378.213
46.38	63.025845911938	159.602
46.38	66.0329072951579	142.349
46.38	78.0334529859627	940.325
46.38	92.0261422652413	2230.55
46.38	94.0284974163415	1718.49
46.38	150.028487456026	10161.1
46.38	150.130319961035	220.056
46.38	151.033314949666	1226.56
46.92	51.0229207187108	750.989
46.92	66.0339246350518	232.592
46.92	78.0318138283771	507.545
46.92	92.0247438347028	497.992
46.92	94.0293306027095	1009.33
46.92	95.0337080290784	346.27
46.92	105.0578415677	397.776
46.92	111.0917	862.612
46.92	122.021877439011	7.041
46.92	150.029667306603	11052.3
46.92	150.135356809936	243.824
46.92	151.029457158096	697.574
46.92	449.011511332023	3890.02
46.92	450.008170090586	883.566
46.92	451.019539081674	300.307
46.92	747.996011220528	430.385
46.92	919.939988861618	201.006
46.92	922.009798	763.402
46.92	1046.97973548154	634.503
46.92	1047.98534356093	218.953
46.92	1048.97409322369	202.231
46.92	1213.97397371094	231.103
46.92	1218.93017965697	683.331
46.92	1219.91337298321	297.496
46.92	1345.97797987915	990.062
46.92	1346.98676424961	364.447
36.54	42.6929672033698	107.008
36.54	51.023401350982	1465.25
36.54	52.0264203413713	183.64
36.54	53.0018747652038	248.191
36.54	63.0223236405295	123.104
36.54	64.0289508851771	168.132
36.54	66.030941434946	149.306
36.54	78.0349503886539	1217.3
36.54	79.0373237650242	109.128
36.54	92.0249470343283	1524.03
36.54	93.026966263286	161.343
36.54	94.028679759251	3073.32
36.54	150.028376217109	13769.9
36.54	150.131914242605	404.729
36.54	151.031434152567	1068.15
36.54	152.033085870818	115.002
36.54	154.060414231901	113.382
36.54	156.060113255553	112.696
36.54	158.050765657722	204.042
37.08	51.0235043879684	762.481
37.08	78.03304225978	632.156
37.08	92.0266625518497	908.223
37.08	94.0290620299489	1482.57
37.08	95.0328461318313	231.222
37.08	111.0917	493.031
37.08	122.024289608186	5.606
37.08	150.030618351422	9777.48
37.08	150.134856547139	235.172
37.08	151.031987110301	747.123
37.08	309.188823801474	246.439
37.08	449.012391739084	3964.02
37.08	450.016464093929	504.492
37.08	451.015799992169	244.186
37.08	747.994248753259	388.782
37.08	919.957537934518	400.547
37.08	922.009798	514.156
37.08	1047.00004972459	562.911
37.08	1047.97305710813	272.083
37.08	1048.96183860857	223.705
37.08	1218.92285224555	600.578
37.08	1219.93091133857	233.233
37.08	1345.96704345628	860.726
37.08	1346.9704810283	365.008
37.08	1347.94326089237	209.175
37.08	1348.94856864459	233.672
37.08	1644.95084349379	302.243
39	51.0238190270769	1365.33
39	52.02110085895	130.245
39	53.0032593782859	483.963
39	64.0324023678269	239.077
39	66.0332358335132	141.934
39	67.0212997236898	142.794
39	78.0353030836077	969.7
39	92.0261211472742	1579.36
39	93.0267639257346	233.174
39	94.0290892210054	1856.07
39	95.0326329169044	258.835
39	150.030293080512	12233.8
39	150.134397107724	295.806
39	151.033165850944	1335.03
39.54	51.0238081154518	448.191
39.54	78.0345106796495	633.234
39.54	92.0268938923708	510.055
39.54	94.0282055909312	1608.28
39.54	105.054751376862	211.764
39.54	111.0917	694.888
39.54	122.023893101317	8.033
39.54	150.028896443411	7124.3
39.54	151.033767594533	679.328
39.54	152.036260983285	226.042
39.54	449.008769007095	3055.21
39.54	450.010618816196	656.558
39.54	451.012876686974	304.862
39.54	747.988093686207	655.424
39.54	748.988267988829	210.919
39.54	922.009798	609.49
39.54	1046.96762941258	908.738
39.54	1047.9661930099	275.763
39.54	1048.97743841104	285.001
39.54	1218.91197140351	518.681
39.54	1220.91702180019	216.5
39.54	1345.95858220841	866.007
39.54	1346.95460695494	341.155
39.54	1347.97387119405	295.183
39.54	1644.92589897487	331.129
41.46	51.0229655150274	1214.95
41.46	53.0018013906197	189.066
41.46	64.0302627550592	247.614
41.46	66.0369844239731	110.048
41.46	68.0131656442808	105.812
41.46	78.0340601486755	359.439
41.46	92.0250453783051	1720.03
41.46	93.029013894796	105.007
41.46	94.0283853428803	1736.77
41.46	95.0303680478343	156.787
41.46	150.029099628197	9485.48
41.46	150.133791784	254.516
41.46	151.033762670654	895.416
41.46	780.65560218879	261.673
41.46	1800.25486691905	268.52
42	51.0238498354259	318.408
42	78.0326641291394	499.411
42	92.0262472266918	722.445
42	94.0299113070037	1077.39
42	111.0917	795.127
42	122.021214625228	2.367
42	150.029812182647	7711.24
42	151.032041588278	800.44
42	449.009592509035	3965.9
42	450.012626700489	678.258
42	747.993102518479	495.018
42	922.009798	480.556
42	1046.97097294435	731.458
42	1047.97660214839	264.348
42	1218.90275336998	324.02
42	1345.95198399998	787.007
42	1346.96591326359	327.571
42	1347.9713075919	435.675
43.92	51.0243133745434	1460.45
43.92	52.0293428874431	161.562
43.92	53.0043444866989	295.596
43.92	64.0291889492995	113.565
43.92	66.0338794958377	185.486
43.92	78.0363083535115	733.647
43.92	92.024747953556	1575.5
43.92	93.0300994178174	278.019
43.92	94.0307188643511	1503.99
43.92	150.029974752371	9041.17
43.92	150.134604300559	175.948
43.92	151.031144980374	746.72
43.92	1602.91994808241	257.75
44.46	78.0389224556032	283.555
44.46	92.0298810372958	579.782
44.46	94.0335235000437	1845.64
44.46	111.0917	720.438
44.46	122.025144235051	2.834
44.46	150.033978792057	7205.94
44.46	151.036597453367	767.242
44.46	449.013332442936	3296.1
44.46	450.017645965383	566.378
44.46	451.008287354874	436.017
44.46	747.999231901469	438.161
44.46	922.009798	659.859
44.46	1046.96509362268	878.06
44.46	1047.97124426579	281.118
44.46	1048.98474355254	201.202
44.46	1218.91701392853	503.816
44.46	1345.962111511	967.924
44.46	1346.95113667299	362.397
44.46	1347.95925736484	294.4
44.46	1644.93629762793	259.25
44.46	1943.90733448707	243.273
44.46	1944.93631874456	207.011
46.38	45.0009558286067	117.143
46.38	51.0274803137802	1075.38
46.38	53.0065451417586	232.643
46.38	64.0335852435478	161.277
46.38	78.0387629988297	871.251
46.38	92.0311260553476	1921.11
46.38	93.0343940704747	108.438
46.38	94.0336997698873	2009.48
46.38	150.034625876026	11414.3
46.38	150.138892921429	263.12
46.38	151.038008849689	820.014
46.38	152.038244128102	119.408
46.92	51.0246695050478	388.667
46.92	78.0356468252551	539.025
46.92	92.0250305786598	576.266
46.92	94.0295757765008	1626.88
46.92	111.0917	928.36
46.92	122.025231123584	5.486
46.92	150.030235674689	9130.37
46.92	150.134440603983	233.04
46.92	151.031287834725	667.625
46.92	449.008851396347	3752.2
46.92	450.005165516774	726.018
46.92	451.003921268927	450.594
46.92	747.987467496288	541.267
46.92	919.936601742843	337.127
46.92	922.009798000291	560.668
46.92	1046.97456758735	788.172
46.92	1047.98405752515	342.23
46.92	1048.96312723529	220.533
46.92	1218.90967999895	642.737
46.92	1219.90506646242	326.583
46.92	1221.90031533552	223.934
46.92	1345.95148070909	829.003
46.92	1347.93938734454	267.19
46.92	1384.81392031254	224.002
46.92	1644.91776141437	268.75
36.84	51.0241190105209	3339.24
36.84	51.0852466850629	101.45
36.84	52.0264695159591	256.61
36.84	53.0034234165601	431.792
36.84	64.0324956282426	331.445
36.84	66.036340828632	255.796
36.84	67.0191093497	167.692
36.84	76.0181223202585	156.005
36.84	78.0351564242898	2745.7
36.84	79.0364403104938	182.064
36.84	92.0261627906161	3659.88
36.84	92.1083039178659	117.157
36.84	93.0302773956359	164.708
36.84	94.0301156332145	3962.41
36.84	94.1125249049615	125.534
36.84	95.0319506216671	408.858
36.84	150.029912823987	28976.3
36.84	150.134394392441	653.551
36.84	151.034931119971	2170.62
36.84	152.039066639297	350.514
36.84	156.065425956101	173.006
36.84	158.056709365406	123.339
37.38	51.0243827986939	1395.13
37.38	78.0344185692428	1540.78
37.38	92.0261763129712	1907.01
37.38	94.0295300244726	3597.15
37.38	95.0330755859791	458.703
37.38	105.059038302879	337.444
37.38	107.056598253683	249.41
37.38	111.0917	859.015
37.38	122.025228459839	7.063
37.38	150.030866344081	19447.6
37.38	150.135482690367	463.796
37.38	151.034546101813	1028.77
37.38	449.014086883233	6698.29
37.38	450.013040380091	1005.22
37.38	451.015799003054	324.315
37.38	747.999310425086	658.422
37.38	922.009798	527.339
37.38	1046.99437623559	1005.56
37.38	1047.98207926875	284.225
37.38	1218.93379583154	503.842
37.38	1345.97483971636	1232.63
37.38	1346.98526299852	398.76
37.38	1347.98762514697	481.474
37.38	1646.94462134873	237.654
37.38	1943.93675534053	240.848
39.3	51.0242504750106	3239.06
39.3	52.0277080504353	132.684
39.3	53.0025180036783	362.52
39.3	63.021677772218	157.1
39.3	64.0319670796065	292.346
39.3	66.0353465272282	214.889
39.3	78.0340991586066	1347.19
39.3	79.0386610745273	189.209
39.3	92.0265465301833	2986.98
39.3	93.0317315849148	273.365
39.3	94.0293589618697	3569.36
39.3	95.0322753520253	487.457
39.3	150.031248679827	20791.2
39.3	150.135552823455	476.371
39.3	150.170177585669	131.061
39.3	151.03475512843	1682.68
39.3	152.033659244424	261.918
39.84	51.0223986506573	918.557
39.84	78.0340110520696	933.411
39.84	92.0261778128447	1082.4
39.84	94.0278407577053	3325.51
39.84	95.0302097559542	357.741
39.84	107.05468366856	308.373
39.84	111.0917	1281.39
39.84	122.023949382207	7.032
39.84	150.028994040623	16800.8
39.84	150.132108813493	434.128
39.84	151.033037664235	832.02
39.84	449.009049549376	5086.35
39.84	450.014625892224	759.333
39.84	451.008801256171	312.845
39.84	747.992293747462	656.689
39.84	919.941372053538	211.005
39.84	922.009798	920.128
39.84	923.010776682354	245.764
39.84	1046.97796602627	1126.43
39.84	1047.99666875652	350.8
39.84	1048.98850545155	245.604
39.84	1218.93379080456	202.007
39.84	1345.96469030768	830.973
39.84	1346.96568317298	577.243
39.84	1347.9705817523	448.806
39.84	1644.96174971374	362.939
39.84	1943.92921726831	216.5
39.84	1944.94210110686	267.333
41.76	40.025706353241	114.803
41.76	51.0227142591745	2742.04
41.76	52.0243860728919	104.817
41.76	53.0019979100792	640.102
41.76	63.0227563520798	200.005
41.76	64.0300913031921	193.178
41.76	66.0347184973958	240.47
41.76	67.017609462317	121.002
41.76	78.0336908634731	2083.63
41.76	92.0252392501296	3148.01
41.76	92.1049531816032	100.769
41.76	93.0280019722188	350.209
41.76	94.0280308213802	3823.16
41.76	95.0332861798822	362.679
41.76	150.028814168504	21602.7
41.76	150.133331352842	495.056
41.76	150.171101486702	121.089
41.76	151.030225336992	2374.46
41.76	152.036241541145	113.769
42.3	51.0237164761762	1244.7
42.3	78.0338340524886	1113.05
42.3	92.026873649079	1354.79
42.3	94.0290126301692	3905.93
42.3	105.057759754884	226.147
42.3	111.0917	809.2
42.3	122.024887495217	7.936
42.3	150.029257578262	18751.5
42.3	150.132272422489	566.761
42.3	151.032314759692	1464.61
42.3	310.372201932539	256
42.3	449.004462122458	5661.93
42.3	450.006926363605	1096.05
42.3	451.005055062141	708.562
42.3	747.979208038046	871.771
42.3	922.009798	446.327
42.3	1046.96939950989	1070.97
42.3	1047.9796528329	302.796
42.3	1218.90854600062	390.139
42.3	1345.9423825952	837.074
42.3	1346.94255284047	533.427
42.3	1347.96173092701	391.395
42.3	1644.93438486163	218.039
42.3	1943.87423346275	214.03
44.22	51.024084439005	2923.58
44.22	52.0236411184108	205.776
44.22	53.0033049602108	365.778
44.22	63.0253812889791	258.853
44.22	64.0307205727456	211.17
44.22	66.0341823130069	449.002
44.22	67.0180045123373	143.161
44.22	78.0347387903104	1972.46
44.22	79.0374377532304	390.688
44.22	80.0142791090996	137.154
44.22	92.0259929833148	4292.53
44.22	92.1079056899246	114.682
44.22	93.0282367173247	299.108
44.22	94.0292674722209	3489.32
44.22	150.029407038128	26921.8
44.22	150.132950584518	606
44.22	151.031707150567	2178.35
44.22	152.031058728313	333.262
44.76	51.0232480303602	1484.74
44.76	66.0320318219063	470.172
44.76	78.0344336236435	1309.17
44.76	92.02551968133	1953.44
44.76	94.0292617467504	4301.3
44.76	95.0336627207785	344.505
44.76	111.0917	964.14
44.76	122.025506449199	1.198
44.76	150.029512313297	22778.3
44.76	150.134208456854	553.608
44.76	151.031135741532	1816.2
44.76	449.011245405142	6426.5
44.76	450.011563852016	1395.03
44.76	451.009530644045	571.777
44.76	452.007643794675	239.471
44.76	747.995504929898	535.73
44.76	919.931720939687	256.002
44.76	922.009798005326	690.556
44.76	923.007180318923	205.425
44.76	1046.98103798014	1046.59
44.76	1047.99328289719	469.959
44.76	1048.98416931349	294.35
44.76	1049.97284565936	216
44.76	1218.93502581793	356.635
44.76	1345.97723602395	983.565
44.76	1346.98205577864	421.231
44.76	1347.95186102008	308.278
44.76	1644.94997410845	452.354
44.76	1646.95274623867	209.633
44.76	1943.93800438928	343.249
44.76	1944.92116603611	219.818
46.68	51.024052578143	3867.68
46.68	51.0859998050077	123.249
46.68	52.0273130732083	167.077
46.68	53.0040384515707	617.002
46.68	63.0233414909882	124.007
46.68	64.0319904900806	471.695
46.68	66.0360448906818	312.596
46.68	67.0220261843196	177.323
46.68	78.0343194431913	2240.65
46.68	79.0353782426204	124.717
46.68	92.0260031697646	4121.09
46.68	92.1083786543518	113.339
46.68	93.0286255001827	471
46.68	94.0287783270646	5128.17
46.68	94.1116911902774	148.683
46.68	95.0338363259809	169.33
46.68	96.0329276474595	100.564
46.68	150.029735409931	29377.1
46.68	150.134029160236	658.743
46.68	151.033337226946	2411.04
46.68	152.033151454164	183.439
36.84	44.997345390675	269.053
36.84	51.0238498996889	2630.07
36.84	52.0249236361997	161.5
36.84	53.0028130626804	1413.53
36.84	63.0219660847218	211.158
36.84	64.030959000152	753.52
36.84	66.0338523633753	209.225
36.84	78.0321323650861	369.471
36.84	92.0266256559603	1771.27
36.84	93.0289005020691	281.41
36.84	94.0292731011741	1618.67
36.84	150.028073155988	134.642
36.84	220.245333743806	260.018
37.38	78.0329629307044	524.113
37.38	92.0251221450615	752.72
37.38	94.0283643073621	1743.27
37.38	104.015139407685	217.667
37.38	105.053987277624	210.542
37.38	111.0917	629.452
37.38	122.021111883669	2.86
37.38	150.027996986411	7619.19
37.38	151.03074488417	906.354
37.38	449.003937824677	3944.6
37.38	450.00599421389	465.709
37.38	451.005585593832	270.284
37.38	747.984621901176	484.13
37.38	919.918674024578	278.452
37.38	922.009798	663.451
37.38	1046.96537947118	897.894
37.38	1047.95947753847	309.579
37.38	1218.90528449944	739.432
37.38	1219.90259356738	219.024
37.38	1220.89682924803	209.122
37.38	1345.94080792376	656.671
37.38	1346.94256255389	332.249
37.38	1347.97697262873	321.202
37.38	1644.92749021267	231.63
39.3	44.9966676761906	358.172
39.3	51.0233265405573	2871.84
39.3	53.0026042362902	1514.45
39.3	63.0204122188239	150.372
39.3	64.0305842267956	912.76
39.3	78.0332855414147	230.111
39.3	92.025334748436	2159.63
39.3	94.0282543846054	1676.77
39.3	104.011217058687	117.782
39.84	51.0220916549322	413.554
39.84	78.0327860603497	341.152
39.84	92.0251052877314	475.513
39.84	94.0280928021639	1482.78
39.84	105.053558932734	222.229
39.84	111.0917	595.877
39.84	119.058997478365	305.159
39.84	122.01967990055	2.286
39.84	150.028910259477	6620.66
39.84	151.033275763568	303.586
39.84	449.012725841008	3459.52
39.84	450.01773396446	692.04
39.84	451.019930652723	304.63
39.84	747.981991629719	604.74
39.84	922.009798	521.302
39.84	1046.99267289113	638.534
39.84	1048.00518499766	279.729
39.84	1048.97929223443	249.091
39.84	1218.92817707814	541.766
39.84	1345.96353793169	817.445
39.84	1346.96470541712	394.237
39.84	1347.96615875987	303.556
41.76	44.9981223733983	114.84
41.76	51.0227510129987	1412.8
41.76	53.0022650394931	1078.9
41.76	64.0312344555007	538.026
41.76	78.0313925126405	181.101
41.76	92.0252359195218	1228.43
41.76	94.0276255476354	777.79
41.76	150.027194364922	119.595
42.3	51.0227922545245	413.557
42.3	92.0271489403814	556.038
42.3	94.0307682186282	737.839
42.3	111.0917	694.334
42.3	122.021982543766	3.290
42.3	150.031129953432	5841.1
42.3	151.035469216091	798.606
42.3	449.009050970708	2994.94
42.3	450.014763290103	463.225
42.3	451.012345516278	384.903
42.3	747.992005981169	495.082
42.3	919.948269148879	219.384
42.3	922.009798	333.25
42.3	1046.97666415519	765.018
42.3	1047.99043596044	281.703
42.3	1048.99464017796	210.219
42.3	1218.95538833753	327.431
42.3	1219.92736351178	205.243
42.3	1345.97447285539	860.98
42.3	1346.98004026472	348.397
42.3	1347.96076540024	264.331
42.3	1644.95295369792	261.41
44.22	44.9991487364483	137.636
44.22	51.0235324946436	1643.41
44.22	53.0035220048104	1242.15
44.22	63.0229050894979	168.17
44.22	64.0313855140869	359.189
44.22	67.0157824611312	132.649
44.22	78.0335833101111	269.473
44.22	92.0266370864788	1946.48
44.22	94.0282727458323	843.404
44.76	78.035850803436	332.174
44.76	92.0288011859145	464.189
44.76	94.0318193755917	818.533
44.76	105.059036212972	308.517
44.76	111.0917	597.523
44.76	150.031303177426	6881.78
44.76	151.034302562388	405.96
44.76	449.013071176386	3603.07
44.76	450.01682533863	634.79
44.76	747.994745787601	315.414
44.76	919.923469194207	247.755
44.76	922.009798	522.253
44.76	1046.9809244244	884.463
44.76	1047.98278871791	277.407
44.76	1218.90952928063	453.048
44.76	1345.94961816765	827.242
44.76	1346.96005501094	440.528
44.76	1347.96828616771	331.48
44.76	1943.9260431882	204.086
46.68	41.0284408712823	108.776
46.68	51.0253027070796	2074.79
46.68	52.0288597946422	223.064
46.68	53.0049032404418	1015.02
46.68	54.0062252892117	147.223
46.68	64.0327916173351	471.872
46.68	78.0350948728925	277.271
46.68	92.0275977757924	1386.76
46.68	93.029683216678	138.641
46.68	94.0293011963464	999.001
46.68	95.0285560549781	213.674
35.04	51.0232754621408	988.131
35.04	78.0332967281786	507.735
35.04	92.025799019769	1415.77
35.04	94.0296805734027	2706.15
35.04	105.05690285442	332.272
35.04	111.0917	542.83
35.04	122.024775573948	5.528
35.04	150.030206205735	13718.9
35.04	150.13498886874	270.67
35.04	151.032190128775	1684.21
35.04	170.062832085175	236.412
35.04	242.060811332307	356.037
35.04	394.070185106263	224.76
35.04	439.098502512889	220.556
35.04	449.008754797684	3658.13
35.04	450.012896090841	517.901
35.04	515.099940858946	299.16
35.04	560.113420365647	210.955
35.04	591.11057787866	211.64
35.04	606.10261933569	251.016
35.04	636.116834364247	200.18
35.04	637.105911900408	221.778
35.04	728.123632218565	319.322
35.04	748.019132992399	266.875
35.04	919.929533427337	233.438
35.04	922.009798	667.565
35.04	1046.9636237615	502.646
35.04	1218.93779832017	797.007
35.04	1219.93110536427	259.919
35.04	1345.9632809276	291.633
35.04	1346.96706839338	255.128
35.04	1390.87873601492	224.005
36.96	51.0236101042374	1682.88
36.96	52.0255214018338	165.961
36.96	53.0029365299625	383.31
36.96	63.0230916736554	197.133
36.96	64.0314754725998	173.475
36.96	65.0327112607345	108.817
36.96	66.0334846737016	221.579
36.96	78.0333056709186	956.161
36.96	79.0384619871541	111.191
36.96	92.0263370470591	2277.11
36.96	93.030353397014	154.214
36.96	94.0292666155835	2209.61
36.96	95.033862788872	120.154
36.96	150.030213271706	7783.04
36.96	150.134003860962	179.713
36.96	151.034501094218	784.965
36.96	152.041070426074	138.723
36.96	155.356381403582	208.016
36.96	158.05867942861	108.233
37.5	51.0227304031524	594.89
37.5	78.0330888486959	217
37.5	92.0256145729478	457.651
37.5	94.0289411939971	923.013
37.5	95.0335309789026	295.491
37.5	111.0917	345.994
37.5	122.022311737565	4.353
37.5	150.029399149973	7141.36
37.5	151.031510601087	512.653
37.5	449.010616300673	3140.47
37.5	450.007606247309	640.935
37.5	919.938549188227	265.28
37.5	922.009798	789.156
37.5	1046.98227257018	604.014
37.5	1047.97260550098	332.249
37.5	1048.96610658877	247.9
37.5	1218.91714453027	613.712
37.5	1345.95793748269	735.155
37.5	1346.9641110313	229.053
37.5	1347.94543887947	347.902
37.5	1943.9333232557	266.077
39.42	51.0230356438556	1323.04
39.42	53.0020512843012	382.824
39.42	66.0373730555838	223.817
39.42	67.0192424502606	265.788
39.42	78.0355350912221	648.313
39.42	92.0266827530908	1419.41
39.42	94.0290799119415	1253.23
39.42	95.0376649309647	139.84
39.42	150.028935457939	5194.93
39.42	150.132702232587	118.497
39.42	151.031873197848	314.096
39.42	225.366299076134	260.083
39.96	51.0239092929292	555.975
39.96	78.0342688860786	568.845
39.96	92.0266242557167	531.031
39.96	94.0305029530854	1074.9
39.96	96.0458748382286	249.016
39.96	111.0917	578.184
39.96	122.022329794541	3.941
39.96	150.030382019299	7014.48
39.96	151.032361291537	517.033
39.96	449.010747664324	3697.96
39.96	450.01529429953	548.719
39.96	747.99882024086	580.904
39.96	922.009798	613.875
39.96	1046.98888319575	730.57
39.96	1047.9731080599	404.054
39.96	1218.91387378349	404.45
39.96	1219.91762780282	205.054
39.96	1345.96422320848	598.911
39.96	1346.96341883892	331.574
39.96	1347.96782310814	457.136
39.96	1348.9557441411	212.089
41.88	51.0244477573713	1507.25
41.88	52.0252342283362	101.569
41.88	53.0023668463019	348.728
41.88	63.0244439422372	100.375
41.88	64.0299915509246	188.538
41.88	66.0345943918551	236.535
41.88	67.0199396263944	106.298
41.88	78.034259186779	857.463
41.88	79.0357507976249	142.156
41.88	92.0253493468729	1474.26
41.88	94.030336601122	1312.41
41.88	95.0352780114813	185.125
41.88	150.030448927576	6280.83
41.88	150.134067692314	141.08
41.88	151.032341194371	668.001
41.88	152.03650278294	120.84
41.88	213.604042408372	265.125
42.42	92.0247230921343	400.556
42.42	94.0260464533935	1208.3
42.42	105.057010405936	229.063
42.42	111.0917	1021.95
42.42	122.022936694239	3.052
42.42	150.027656526811	4759.59
42.42	151.032848075107	326.183
42.42	449.004945121808	2716.74
42.42	450.010759800764	565.287
42.42	451.018403162274	256.188
42.42	747.986600498297	406.092
42.42	748.98711536735	213.04
42.42	922.009798	444.965
42.42	1046.97157738474	661.792
42.42	1047.97516155115	345.28
42.42	1218.92248349636	303.363
42.42	1345.95693874831	759.819
42.42	1346.9750995761	285.368
42.42	1347.93546296148	294.306
42.42	1386.82056172641	203.675
44.34	44.9974654143566	133.781
44.34	51.0227195556709	670.241
44.34	63.0225460763031	134.432
44.34	66.0332747177207	141.25
44.34	78.0343483864552	891.063
44.34	92.024187066758	1117.6
44.34	93.0269161959703	277.875
44.34	94.0294654143961	1240.02
44.34	150.02819853176	5420.3
44.34	150.131088832113	109.213
44.34	151.028705105413	308.495
44.34	152.031608168474	137.055
44.88	51.0241803207702	626.485
44.88	78.0348983783902	216.368
44.88	92.02623258607	460.001
44.88	94.0293269930415	887.919
44.88	111.0917	516.396
44.88	122.026044647683	3.238
44.88	150.029533316565	4916.43
44.88	151.031931707473	584.277
44.88	449.007917501611	2949.21
44.88	450.011069715601	481.464
44.88	451.002711217814	242.728
44.88	747.991763984711	444.776
44.88	922.009798	543.54
44.88	1046.96975900664	797.469
44.88	1218.92144352403	624.205
44.88	1219.91875540986	236.524
44.88	1220.90437370776	251.426
44.88	1345.95037610317	966.106
44.88	1346.96455338732	371.125
44.88	1347.94564307982	335.191
44.88	1644.92602968346	219.017
46.8	51.0243881890154	1882.39
46.8	53.0026485645237	235.414
46.8	63.0244509321118	118.64
46.8	76.017954629238	123.216
46.8	78.0346818318736	755.619
46.8	79.0386045761181	104.35
46.8	92.0257917498494	1113.14
46.8	94.030157380921	1653.74
46.8	150.029759415418	5606.75
46.8	150.132452136881	150.024
46.8	151.031807284273	614.866
36.6	40.0259076169003	140.013
36.6	44.9988377745762	199.662
36.6	50.0151956060073	205.571
36.6	51.0240901319115	1343
36.6	53.0035519900721	2512.23
36.6	54.0042387305438	195.531
36.6	63.023664108977	1392.26
36.6	64.0323876540847	1486
36.6	65.0378856790655	196
36.6	77.0267765170489	128.256
36.6	92.0269796508128	335.327
37.14	51.0242794858382	539.664
37.14	92.0272930121201	506.062
37.14	94.031233067199	1186.38
37.14	95.0341437169509	258.74
37.14	111.0917	408.557
37.14	122.025329669295	2.663
37.14	150.032134648849	6954.66
37.14	151.032906789157	462.717
37.14	449.014329312427	3211.39
37.14	450.00644890497	498.041
37.14	451.01880162282	217.496
37.14	747.997530951474	327.002
37.14	919.94570449596	320.565
37.14	922.009798	453.799
37.14	1046.98264950904	591.508
37.14	1047.98988157506	298.639
37.14	1218.93006913658	989.801
37.14	1219.94274382285	267.34
37.14	1345.96096788181	569.202
37.14	1346.94859547756	329.004
37.14	1347.97694382337	276.223
39.06	40.0197438758717	103.402
39.06	51.0255836829463	1537.61
39.06	52.0252939464305	297.001
39.06	53.0044597137856	1668.32
39.06	54.0087796305345	142.227
39.06	63.0254838062641	1235.52
39.06	64.0322220871855	1212.87
39.06	67.0211118252767	275.783
39.06	78.0347295874927	110.151
39.06	92.0270036472108	413.012
39.06	94.0320810355402	155.327
39.6	51.0239971427914	367.497
39.6	78.034940816525	381.639
39.6	92.0291259498973	690.528
39.6	94.0301795239113	1318.49
39.6	111.0917	495.306
39.6	122.024348102739	4.665
39.6	150.030570355162	7059.62
39.6	151.030467401086	386.975
39.6	391.599086266041	267.63
39.6	449.014138831659	3538.45
39.6	450.019333387512	532.011
39.6	451.015011677194	237.358
39.6	747.98928283812	403.113
39.6	919.943880118993	207.805
39.6	922.009798	507.149
39.6	1046.96788978756	756.878
39.6	1047.97761868978	224.66
39.6	1218.91010189984	700.685
39.6	1220.9206596712	257.255
39.6	1345.98044238724	794.637
39.6	1346.9581611285	520.024
39.6	1347.97259023956	342.01
39.6	1644.96003700908	239.121
41.52	51.0242439819122	1330.9
41.52	52.0289252465922	142.5
41.52	53.0038132252174	1854.41
41.52	63.0240184442969	1041.09
41.52	64.0310450680599	871.219
41.52	76.0191714363584	105.945
41.52	80.0123517219042	120.793
41.52	92.0246384908883	285.804
42.06	51.022475433726	403.241
42.06	78.0340961430853	211.885
42.06	94.028759093186	1148.31
42.06	105.058806875087	294.227
42.06	111.0917	459.813
42.06	122.023915654226	2.854
42.06	150.028559499846	6115.8
42.06	151.032129901226	464.495
42.06	449.007382189705	3402.14
42.06	450.011204058541	570.719
42.06	451.003413402641	274.67
42.06	747.982294056839	466.76
42.06	919.927545343629	224.444
42.06	922.009798	355.408
42.06	1046.97660829443	707.228
42.06	1218.92107251352	429.226
42.06	1345.93314997849	885.35
42.06	1346.06735138133	252.16
42.06	1346.96678950813	300.196
42.06	1347.97092018521	258.036
43.98	51.0230546007573	1515.42
43.98	52.019277537464	189.019
43.98	53.0021694817877	1421.64
43.98	63.0220920648007	800.968
43.98	64.0317370458994	1295.97
43.98	92.0258330206882	303.046
43.98	94.0283291614201	277.778
44.52	51.0236488032504	295.612
44.52	78.0357408783022	563.571
44.52	92.0290139214576	529.221
44.52	94.0311936570902	2034.7
44.52	105.058903464281	442.805
44.52	111.0917	654.363
44.52	122.025397759044	3.357
44.52	150.03136974035	5544.54
44.52	151.033745703152	540.49
44.52	449.017840242143	3870.48
44.52	450.022624250022	917.714
44.52	748.000971893713	415.368
44.52	922.009798	813.667
44.52	1046.9845766786	953.51
44.52	1047.98146940907	291.286
44.52	1048.98179700919	207.098
44.52	1218.92255199473	341.408
44.52	1345.98402038317	835.233
44.52	1346.963656895	274.881
44.52	1347.98578923471	272.409
44.52	1644.93456469932	218.82
46.44	50.0190795149899	237.348
46.44	51.0252109318524	2038.56
46.44	52.0214715698881	251.625
46.44	53.0045635092055	1795.35
46.44	63.025071524692	1013.68
46.44	64.0329905166326	1367.23
46.44	65.0350637026156	353.687
46.44	77.0374764236012	117.274
46.44	92.0287461348178	515.202
46.44	94.0287734098681	124.331
46.44	1660.93981498772	139.5
46.98	51.0240649698052	709.574
46.98	78.0342997491691	481.141
46.98	92.0278743986995	738.083
46.98	94.0303156821561	1839.17
46.98	105.058364178876	306.559
46.98	111.0917	451.851
46.98	122.024734231565	7.361
46.98	150.030385222027	8319.61
46.98	151.035226183428	796.588
46.98	449.009747082677	3938.09
46.98	450.013082234126	787.533
46.98	451.001747326266	425.045
46.98	747.99345892925	396.891
46.98	919.915105476638	489.05
46.98	922.009798	739.765
46.98	1046.96719365281	921.698
46.98	1047.9790637648	324.488
46.98	1048.96481521986	273.021
46.98	1213.96250279687	281.149
46.98	1218.91414961516	783.133
46.98	1345.95525925566	855.686
46.98	1346.96399317586	333.141
46.98	1347.95006712682	372.216
36.48	50.0156282674675	657.884
36.48	51.0225174623186	956.024
36.48	52.0171404109308	123.475
36.48	53.0022694212857	1463.18
36.48	62.0136913056264	306.308
36.48	63.0218050227235	3362.29
36.48	64.0287717789389	440.529
36.48	77.0319557727956	151.438
37.02	51.0219058370697	236.855
37.02	78.0347853060356	442.225
37.02	94.0282515594555	1315.44
37.02	95.032754916175	276.519
37.02	111.0917	527.198
37.02	122.023673191542	4.620
37.02	150.029959064479	6361.9
37.02	151.028295784533	345.268
37.02	449.01064171752	3582.02
37.02	450.013653368996	509.43
37.02	919.94441299362	378.245
37.02	922.009798	726.822
37.02	1046.97926706145	466.694
37.02	1047.9891583573	208.336
37.02	1048.97235942419	212.268
37.02	1218.92199017019	757.64
37.02	1219.90893699195	376.875
37.02	1220.90865310264	291.051
37.02	1345.96196581954	589.07
37.02	1346.95998663864	446.694
37.02	1347.96466238714	203.573
38.94	50.0156098041938	377.277
38.94	51.0238298042289	405.243
38.94	53.0020539588336	1706.24
38.94	63.0236785704811	2071.67
38.94	64.0310048561068	362.975
38.94	65.0340579001291	129.083
39.48	51.1027869078552	258.058
39.48	78.1210968154672	422.083
39.48	92.1182775617319	527.091
39.48	94.1216313747016	1326.13
39.48	105.150351549559	285.778
39.48	122.126716404158	2.083
39.48	150.13149714775	5383.2
39.48	151.134956858554	345.62
39.48	449.095172019445	3787.49
39.48	450.100034786727	719.952
39.48	451.095911012651	212.889
39.48	748.027185142597	314.713
39.48	919.942671452206	274.024
39.48	922.009798	418.92
39.48	1046.94572361326	647.73
39.48	1048.91455563761	286.605
39.48	1218.81918013593	449.595
39.48	1219.86056223738	358.084
39.48	1345.84139693956	608.764
39.48	1346.83819134078	316.082
39.48	1347.84779522473	249.347
41.4	40.0895066438597	125.776
41.4	50.0927267554478	532.365
41.4	51.1004126985291	538.369
41.4	53.0809056219045	651.851
41.4	62.0993979300029	107.25
41.4	63.10664459831	1935.11
41.4	64.110387208176	365.066
41.4	76.1081145475692	102
41.94	78.0341301309718	254.49
41.94	94.0293545187895	352.801
41.94	111.0917	600.541
41.94	122.020301173195	3.481
41.94	150.029310456933	4075.66
41.94	151.030729090571	260.381
41.94	449.013395064787	2602.01
41.94	450.014958185224	530.667
41.94	451.004938092466	288.098
41.94	748.005195042243	486.474
41.94	919.943275896381	222.231
41.94	922.009798	437.625
41.94	1046.98757601074	1015.25
41.94	1048.99485923998	259.083
41.94	1218.92921330511	501.924
41.94	1345.96887129087	759.758
41.94	1346.98631999793	339.367
41.94	1347.96416141824	275.889
41.94	1644.98007875482	267.778
43.86	42.0341070183664	129.42
43.86	50.0157311006212	658.828
43.86	51.0235807740113	426.612
43.86	53.0021239995621	522.39
43.86	62.0144521774184	160.141
43.86	63.0228729480276	2314.11
43.86	64.0298497850901	251.23
43.86	76.0193921745102	177.632
44.4	78.0338573516527	468.974
44.4	92.026988053106	449.899
44.4	94.0286462358098	1045.98
44.4	111.0917	527.431
44.4	122.02105044097	2.686
44.4	150.029247126214	4603.44
44.4	151.031135841769	534.016
44.4	449.010561860754	2896.11
44.4	450.005578481025	416.025
44.4	451.00557927008	362.604
44.4	747.999529810533	523.06
44.4	922.009798	789.509
44.4	1046.97374571821	573.827
44.4	1047.97147412526	509.011
44.4	1048.96998600206	204.174
44.4	1218.90465479887	299.014
44.4	1345.96168474868	687.557
44.4	1346.96672751696	305.811
44.4	1347.97840398919	276.625
44.4	1645.94964704364	207.959
46.32	50.0154929538416	259.396
46.32	51.0236731329291	501.224
46.32	52.0207331427457	178.347
46.32	53.0028674761251	933.518
46.32	53.999822748006	102.532
46.32	61.0070650071109	198.97
46.32	63.0232643387966	2324.45
46.32	64.0300678247823	345.511
46.32	75.0122563043632	223.17
46.86	51.0223280914492	269.917
46.86	92.0249335181096	251.004
46.86	94.0288144639938	769.282
46.86	105.057467028945	270.782
46.86	111.0917	402.746
46.86	150.02761245791	4845.52
46.86	151.032977523771	278.373
46.86	449.009265945583	2997.1
46.86	450.014600450953	432.161
46.86	451.010462201241	256.007
46.86	747.979245107613	302.471
46.86	919.918926504603	217.769
46.86	922.009798	626.02
46.86	1046.96821872491	639.637
46.86	1047.99028184122	273.812
46.86	1218.90383509231	626.127
46.86	1219.9161283214	337.523
46.86	1345.9548723334	835.032
46.86	1346.95815601589	300.5
46.86	1347.98102075484	211.723
36.54	150.03009472594	2511.24
36.54	151.032314686787	293.041
36.54	449.009938546237	2605.4
36.54	450.010886343112	348.296
36.54	451.010650743119	156
37.08	51.0226240866268	234.521
37.08	94.0262444116459	573.531
37.08	105.055403081726	236.513
37.08	111.0917	536.716
37.08	122.022397300325	2.513
37.08	150.026440442542	3782.9
37.08	151.026549007223	414.637
37.08	449.003595860823	2987.6
37.08	450.005554258068	537.219
37.08	747.995841533778	377.276
37.08	919.923536256674	213.375
37.08	922.009798	498.159
37.08	1046.96795592006	930.531
37.08	1047.95624510572	226.857
37.08	1218.91702961268	560.505
37.08	1219.90519777263	352.571
37.08	1345.94426828683	484.611
39	92.0263956755711	129.072
39	94.0277048790645	355.512
39	95.0299279382462	123.776
39	150.02644614437	2828.85
39	151.027867960604	225.174
39	449.004998903252	2131
39	450.005654323978	354.625
39	451.013856873137	144.527
39	1820.27719378727	256.685
39.54	94.0306718297776	1124.84
39.54	111.0917	310.454
39.54	150.030745370536	3225.98
39.54	449.011386761113	2455.99
39.54	450.012132496036	439.844
39.54	747.984641624679	581.191
39.54	919.925595325439	210.875
39.54	922.009798	316.976
39.54	1046.96401234755	740.01
39.54	1047.98451303986	320.036
39.54	1218.92004366933	538.241
39.54	1219.9363392576	230.256
39.54	1345.95703597543	795.693
39.54	1346.91788356656	214.041
39.54	1346.98964659484	248.596
39.54	1347.96659812616	328.88
39.54	1644.90424652188	258.223
41.46	150.03124653339	2253.94
41.46	151.039330569089	205.477
41.46	245.357797611155	185.379
41.46	449.004809150883	1849.2
41.46	450.014853251091	293.285
41.46	451.013820701078	173.121
41.46	717.357642366928	258
42	78.0372600627402	231.184
42	94.0314988645171	550.819
42	105.058843303559	232.414
42	111.0917	249.249
42	150.032751903824	1999.55
42	449.006242945642	2187.61
42	450.010980451627	431.013
42	747.982685413564	324.754
42	748.982742966776	224.556
42	922.009798	467.562
42	1046.97384757893	618.755
42	1047.96389524812	217.281
42	1048.96564146633	225.762
42	1218.9038804275	454.692
42	1345.93896360737	953.592
42	1346.94273084712	329.977
42	1347.93080390812	281.57
43.92	150.031781125362	2233.41
43.92	151.032519681151	178.688
43.92	449.003415358423	2171.56
43.92	450.007208811891	277.243
43.92	451.017843243134	205
44.46	94.0251618592914	667.838
44.46	111.0917	335.04
44.46	122.021632407721	2.126
44.46	150.024560796381	2854.46
44.46	449.010203531675	2180.01
44.46	450.00870919375	534.189
44.46	747.991733006783	375.907
44.46	922.009798	353.711
44.46	1046.9762228085	753.277
44.46	1047.98736420471	254.686
44.46	1048.9811745344	208.857
44.46	1218.91070491698	365.405
44.46	1219.91520041322	330.201
44.46	1345.963170991	627.779
44.46	1346.98088760736	470.497
44.46	1347.96990363438	285.64
44.46	1943.93187605725	222.92
46.38	92.0221520851611	350.291
46.38	150.025556385285	3230.06
46.38	151.023166684029	153.145
46.38	449.007822964166	1962.89
46.38	450.00200841866	362.612
46.38	451.01516211703	133.343
46.38	531.223076950816	193.136
46.38	1393.29092235528	258
46.92	92.0247689666578	329.358
46.92	94.0286782166353	422.01
46.92	95.0317166430468	220.917
46.92	111.0917	493.248
46.92	150.030256500723	2533.5
46.92	449.013157165456	2376.55
46.92	450.006741002635	274.532
46.92	748.008229432746	465.255
46.92	919.942336859932	321.614
46.92	922.009798	430.9
46.92	1046.97250556395	613.651
46.92	1048.98618227671	241.254
46.92	1213.94044329865	211.564
46.92	1218.91563254977	400.029
46.92	1219.91787364657	312.012
46.92	1345.96374760149	595.286
46.92	1346.97109810071	375.89
46.92	1347.95716966165	256.738
46.92	1644.94954308203	236.008
36.84	78.030916712336	169.066
36.84	94.0288738150031	112.431
36.84	150.029076418803	3455.77
36.84	151.032521353908	224.972
36.84	449.00979205409	2846.64
36.84	450.015989997238	509.539
36.84	451.010215770227	221.939
36.84	462.091696163268	117.983
37.38	51.0886263108645	497.158
37.38	78.1000708145818	365.267
37.38	92.0962150801589	271.098
37.38	94.0998795261178	725.599
37.38	105.125264780111	287.436
37.38	122.092139301717	4.105
37.38	150.095323827723	4092.08
37.38	151.097392829987	475.043
37.38	448.987427125976	2821.19
37.38	449.986985213117	674.627
37.38	747.848073484307	341.142
37.38	919.693420973246	265.719
37.38	921.752242167043	206.068
37.38	1046.67969035644	691.055
37.38	1047.68631226255	312.277
37.38	1218.52896869896	556.994
37.38	1219.529834041	272.299
37.38	1220.53047343554	244.389
37.38	1345.50010770664	526.015
37.38	1346.52515741833	380.535
37.38	1347.51497339195	224.029
39.3	92.0941353434597	196.75
39.3	94.1003281693947	150.094
39.3	150.095301278013	2850.51
39.3	448.989161857045	2576.31
39.3	449.986403481672	367.071
39.3	450.98766569301	216.082
39.84	92.0289323256247	238.49
39.84	94.0301579830795	421.334
39.84	105.059633593286	350.654
39.84	111.0917	320.145
39.84	122.019711145609	2.102
39.84	150.031583985001	2606.23
39.84	449.007123068945	2953.03
39.84	450.013179826127	585.006
39.84	451.005061421561	256.67
39.84	747.986580686409	359.596
39.84	922.009798	367.128
39.84	1046.9699919829	503.175
39.84	1047.97022094916	397.001
39.84	1218.90378595646	489.188
39.84	1220.91788590327	270.763
39.84	1345.964742106	722.001
39.84	1346.9389814506	387.23
39.84	1347.94408812454	275.853
41.76	51.0240956946557	201.183
41.76	150.03014880599	1861.96
41.76	151.034886670194	243.397
41.76	449.007275891033	2391
41.76	450.009305560971	565.47
41.76	451.00273273893	117.96
42.3	92.0391842931432	307.421
42.3	94.0398065046936	520.618
42.3	111.0917	426.9
42.3	149.999563720875	2692.2
42.3	151.003542653687	362.014
42.3	448.700563141631	2950.52
42.3	449.702889869528	435.858
42.3	450.69995005642	233.001
42.3	747.372025117092	528.415
42.3	1046.01594464942	657.001
42.3	1047.03007121984	267.422
42.3	1048.01028157575	215.806
42.3	1217.75054504475	472.88
42.3	1344.6630133265	722.379
42.3	1345.65145773604	433.653
42.3	1346.6633495604	313.79
42.3	1643.27495390063	255.471
44.22	51.0574496323857	117.097
44.22	149.999878557292	2366.72
44.22	151.003159836098	166.099
44.22	448.703515276979	2442.72
44.22	449.701125173057	263.723
44.22	450.705262110419	106.485
44.76	94.123847406944	787.67
44.76	122.125603474829	3.527
44.76	150.13528773359	3999.32
44.76	151.142217947463	240.813
44.76	449.106423852294	2608.12
44.76	450.11106956297	492.91
44.76	922.009798	415.121
44.76	1046.95097131923	459.92
44.76	1047.97380901175	279.463
44.76	1218.8655991823	422.011
44.76	1219.86516066291	230.559
44.76	1345.86618999185	712.783
44.76	1346.86979811588	330.575
44.76	1347.8718862942	313.226
46.68	92.1191546525294	123.953
46.68	150.135469357943	2365.46
46.68	449.105950237714	2440.85
46.68	450.106032920408	330.926
46.68	451.109959257409	131.023
46.68	1840.41502241185	151.678
36.54	92.0261605924706	133.441
36.54	150.031780640174	2759.55
36.54	151.028198293721	133.156
36.54	449.008290637154	2141.01
36.54	450.009116997683	390.645
36.54	451.001873901327	339.544
37.08	51.10195551975	391.531
37.08	78.1231378201337	364.925
37.08	92.1227998998358	225.221
37.08	94.1228475346755	998.349
37.08	96.1419803619694	203.142
37.08	122.120345804984	3.048
37.08	150.134020492268	5113.46
37.08	151.137342395314	298.681
37.08	449.101915539772	3091.56
37.08	450.103959247963	783.244
37.08	748.030189372779	373.726
37.08	919.94733974784	363.242
37.08	922.009798	394.456
37.08	1046.95033967896	466.699
37.08	1047.95530930706	265.743
37.08	1048.96427309792	229.862
37.08	1218.85304149917	576.778
37.08	1219.83931105599	386.789
37.08	1220.85931832567	360.125
37.08	1345.86535466029	702.156
37.08	1346.86268604362	226.05
37.08	1644.76434577331	264.848
39	51.1025554989618	182.011
39	94.1208094558381	413.002
39	150.134507530466	3305.16
39	151.135410800946	115.449
39	449.101774808846	2769.36
39	450.107150660636	498.486
39	451.093993054827	226.038
39.54	51.0228187982463	316.117
39.54	94.0286213009455	806
39.54	111.0917	579.282
39.54	150.027897303793	3712.49
39.54	449.008027679605	2915.34
39.54	450.001459281693	582.693
39.54	451.007867423227	314.729
39.54	747.988910869349	496.5
39.54	919.940043493387	269.853
39.54	922.009798	489.903
39.54	1046.98187986909	530.087
39.54	1047.96961076067	256.727
39.54	1218.91410302065	433.102
39.54	1345.96691867219	819.221
39.54	1346.96689809072	456.132
39.54	1347.95959489509	221.027
39.54	1943.96448151668	216.694
41.46	92.0297700591812	114.556
41.46	150.029253326775	2807.6
41.46	151.029614442964	339.314
41.46	449.006064443015	2375.86
41.46	450.012638444697	322.36
41.46	451.001983484063	270.472
42	78.0329161202429	206.225
42	94.0277022874758	875.889
42	105.056147862955	345.022
42	111.0917	287.02
42	119.062968199209	279.397
42	122.02420808008	4.054
42	150.029007818306	3314.62
42	151.033772729192	294.964
42	449.013975007744	2264.09
42	450.014697883895	453.292
42	748.017274138317	261.88
42	922.009798	325.008
42	1046.97152177732	590.985
42	1047.97952994716	303.601
42	1218.92342712339	367.118
42	1345.97023356391	736.227
42	1346.94960468299	419.004
42	1347.96299785823	207.8
42	1644.96136147031	205.728
43.92	94.0266956421673	122.299
43.92	150.028932879744	2029.85
43.92	449.009252099791	2221.27
43.92	450.015022685254	319.062
43.92	451.006192077972	223.391
44.46	51.023120908754	321.448
44.46	78.0342219479554	299.004
44.46	92.0262173795257	209
44.46	94.0309520892753	539.657
44.46	95.0328307157687	261.705
44.46	96.0419700011267	262.212
44.46	105.058691200763	278.459
44.46	111.0917	419.862
44.46	119.061623931417	242.034
44.46	150.029967209107	3238.05
44.46	151.031075283023	335.053
44.46	449.011127688016	2991.06
44.46	450.015766822488	506.881
44.46	451.012643775206	219.84
44.46	747.995560748605	435.915
44.46	922.009798	453.898
44.46	1046.9743686119	804.111
44.46	1047.97595501616	372.592
44.46	1048.96879061197	257.766
44.46	1218.92437217637	320.8
44.46	1345.95998124742	812.334
44.46	1346.96079977059	330.565
44.46	1347.94559673505	411.378
44.46	1644.93330417045	296.796
46.38	53.0041340818205	120.059
46.38	92.0260612903437	126.769
46.38	150.030445699728	2941.35
46.38	151.033906036222	158.789
46.38	152.033202542777	104.118
46.38	449.012181550869	2509.56
46.38	450.006378086492	439.351
46.38	451.012892387304	140.266
46.92	78.0331622554453	271.042
46.92	92.0250727154303	388.552
46.92	94.0289944319304	755.77
46.92	111.0917	213.308
46.92	150.030240727483	2958.76
46.92	151.026889345257	277.571
46.92	449.012192241549	3128.87
46.92	450.016082478571	467.656
46.92	451.006106914762	266.965
46.92	748.001489168982	456.6
46.92	919.938331350569	363.45
46.92	922.009798	233.333
46.92	1046.98604207592	621.214
46.92	1047.99558613665	301.817
46.92	1048.9923740103	263.769
46.92	1213.96838294724	349.241
46.92	1218.95409059756	432.009
46.92	1219.93362727784	307.96
46.92	1220.90796784521	246.445
46.92	1345.96636509705	925.446
46.92	1346.97794941002	207.028
46.92	1347.98119952318	312
46.92	1944.93162408336	207.202
36.84	51.0219777087908	320.25
36.84	52.0221364252774	115.055
36.84	78.0306137035884	242.276
36.84	92.0251048078939	351.049
36.84	94.0284255970476	253.004
36.84	150.026936078457	6366.78
36.84	150.126723422099	162.32
36.84	151.028550278439	566.08
37.38	51.0250063284987	214.296
37.38	78.0367016800333	428.587
37.38	92.027376341812	208
37.38	94.0302661777507	573.128
37.38	111.0917	451.364
37.38	122.026077182722	2.118
37.38	150.032872553477	3985.66
37.38	151.031887949093	244.373
37.38	449.012584114312	4969.04
37.38	450.011427374561	727.606
37.38	451.013604430902	263.857
37.38	747.998057008927	750.627
37.38	748.992166705683	291.297
37.38	922.009798	634.671
37.38	1046.97622632436	1256.82
37.38	1047.97480625771	598.645
37.38	1048.97077468395	272.643
37.38	1345.95542825359	1289.01
37.38	1346.94117265565	549.21
37.38	1347.96176639524	461.361
37.38	1348.94903280754	211.722
37.38	1644.92447702928	443.369
37.38	1646.93746353619	200.369
37.38	1943.90857792566	203.889
37.38	1944.89373849249	208.531
37.38	1945.88774353921	208.094
39.3	51.026876146829	412.019
39.3	78.0350011048159	324.057
39.3	92.0282917824001	788.394
39.3	94.0321508422001	303.963
39.3	150.032916065985	6084.05
39.3	150.138413881231	144.338
39.3	151.032253604089	516.648
39.84	78.0325351975397	213.368
39.84	92.0253887669549	232.332
39.84	94.0283264843967	423.286
39.84	111.0917	942.802
39.84	150.030111399624	3503.92
39.84	449.011818775001	4537.18
39.84	450.014253034488	744.08
39.84	451.016898594823	431.783
39.84	748.001327605221	1085.36
39.84	922.009798	355.722
39.84	1046.98664950293	1472.59
39.84	1047.97898782161	370.715
39.84	1048.98238649087	278.86
39.84	1345.96562534797	1717.19
39.84	1346.96284549176	615.203
39.84	1347.96661726201	538.462
39.84	1644.94678094933	348.464
39.84	1645.9521058632	365.722
39.84	1646.93839168393	208.431
39.84	1943.92053025504	223.089
39.84	1944.94789611521	208.662
41.76	44.9975623457094	110.818
41.76	51.0235863314893	386.272
41.76	67.0180024313632	114.938
41.76	78.0335131794077	345.783
41.76	92.0261607046103	840.036
41.76	94.0285992539413	829.567
41.76	150.028855542209	6497.46
41.76	150.098091508614	129.778
41.76	150.133046273437	130.362
41.76	151.031394364004	731.558
41.76	1898.22118734558	127.457
42.3	78.0341297457657	365.982
42.3	92.023451594763	277.865
42.3	94.0283900482422	642.995
42.3	111.0917	480.728
42.3	150.030188733104	4630.4
42.3	151.031441567426	303.491
42.3	449.009180450141	4991.78
42.3	450.009812997209	925.329
42.3	451.01480067137	541.585
42.3	747.998576338782	718.876
42.3	748.989241912426	250.843
42.3	922.009798	492.041
42.3	1046.98042084101	1627.57
42.3	1047.98608419377	621.643
42.3	1048.96840110603	413.193
42.3	1218.927884879	210.111
42.3	1345.97320566439	1368.9
42.3	1346.97459493567	677.312
42.3	1347.97436182599	388.223
42.3	1644.93530435033	457.227
42.3	1645.94876535554	336.034
42.3	1646.96151965153	253.227
42.3	1943.93803082914	353.914
42.3	1944.96052995901	243.601
42.3	1945.91653664507	352.321
44.22	51.0238314787818	339.223
44.22	78.0356986975882	112.258
44.22	92.0251820812218	762.656
44.22	94.0289336964901	548.169
44.22	150.029458799371	6355.58
44.22	150.133499699163	149.246
44.22	151.032467409928	475.704
44.22	164.489740088838	120.694
44.22	1760.80778413605	124.002
44.76	94.0289532415301	804.667
44.76	111.0917	817.638
44.76	150.0270681444	3836.84
44.76	449.010379592489	5457.69
44.76	450.012456999275	953.978
44.76	451.005931397374	207.161
44.76	747.996653438741	918.791
44.76	749.008693174266	201.385
44.76	922.009798	399.172
44.76	1046.98870517869	1320.03
44.76	1047.98782454456	416.11
44.76	1048.98204443696	351.062
44.76	1345.96069352915	1471.82
44.76	1346.97622851008	910.469
44.76	1347.9550332014	624.196
44.76	1644.96962566039	489.002
44.76	1645.9569738165	244.08
44.76	1646.95391414827	236.49
44.76	1943.91856537439	376.655
46.68	51.0227594803571	207.085
46.68	52.0264983562785	182.151
46.68	78.0322360514571	167.406
46.68	92.0247353532529	748.002
46.68	94.0276415595352	318.04
46.68	150.028371631905	6709.56
46.68	150.132431413932	145.574
46.68	151.031533357803	640.222
36.72	51.0238101857633	293.195
36.72	78.0334258292341	168.565
36.72	92.0285972896176	147.064
36.72	94.0309750389071	248.127
36.72	150.030633459233	8070.6
36.72	150.135243138383	174.238
36.72	151.031958708316	596.831
36.72	449.011626821507	5065.26
36.72	450.016569511606	831.637
36.72	451.002800240883	456.87
37.26	78.0335975420476	281.52
37.26	94.0285545598887	665.688
37.26	111.0917	639.45
37.26	150.028254119943	5776.86
37.26	151.029893531405	260.01
37.26	449.010916615611	8653.4
37.26	450.008065054813	1393.49
37.26	451.011337975171	468.76
37.26	747.991201038884	1310.46
37.26	748.990947004971	221.22
37.26	749.986136797826	286.768
37.26	922.009798	445.622
37.26	922.998481309469	208.556
37.26	1046.97999249309	2109.95
37.26	1047.97900499376	792
37.26	1048.98227080828	545.546
37.26	1345.9548714996	2015.97
37.26	1346.97390315598	1084.34
37.26	1347.97005920212	793.305
37.26	1348.97000792934	213.036
37.26	1644.93940957955	579.671
37.26	1645.96460994234	284.009
37.26	1646.94992598847	241.361
37.26	1943.9402606583	420.083
37.26	1944.93196336565	254.695
37.26	1945.90713844187	296.02
37.26	1946.90914365195	222.343
39.18	51.0202085992548	116.002
39.18	52.0231970320803	101.061
39.18	78.0321149691653	143.007
39.18	92.0265936408013	495.232
39.18	94.0286306475571	211.084
39.18	150.029650717434	9761.8
39.18	150.135267197405	208.9
39.18	151.031228938731	832.045
39.18	449.007865493217	5438.17
39.18	450.009786390478	820.382
39.18	450.998241882001	259.287
39.72	51.0228434200596	328.336
39.72	92.0284420542963	231.78
39.72	94.0291957010853	688.429
39.72	111.0917	1003.14
39.72	150.029660627858	5603.94
39.72	151.031955553438	518.517
39.72	449.012151980756	7344.03
39.72	450.013579265593	983.063
39.72	451.01670310792	689.158
39.72	747.994863643651	898.947
39.72	748.991853125283	272.021
39.72	749.99857557256	229.333
39.72	922.009798	631.245
39.72	1046.98343884879	1635.71
39.72	1047.98016168815	754.128
39.72	1049.00448038735	450.07
39.72	1345.97480923339	1969.25
39.72	1346.971818749	873.299
39.72	1347.96288193248	663.924
39.72	1348.95533468583	297.481
39.72	1644.95894474648	735.252
39.72	1645.96402785834	438.329
39.72	1646.96908619748	427.449
39.72	1943.92163440713	435.481
39.72	1945.94302102202	335.911
41.64	51.0218754067866	269.995
41.64	78.0314451246276	100.133
41.64	92.025299367102	261.066
41.64	94.0283032838356	431.43
41.64	150.02935737572	10046.2
41.64	150.135382181254	240.76
41.64	151.029609103179	840.48
41.64	240.941976111186	256.012
41.64	449.012943857874	6018.36
41.64	449.195728367423	123.903
41.64	450.014134552429	1032.09
41.64	451.013560661826	427.992
41.64	898.996184641377	259.521
42.18	51.0213567800273	259.766
42.18	78.0330003107113	338.556
42.18	92.0259812101617	337.292
42.18	94.0278743919766	738.786
42.18	95.0314440400049	267.54
42.18	111.0917	553.266
42.18	122.025094993122	2.167
42.18	150.029113904952	6323.72
42.18	151.032671320316	435.181
42.18	309.188038730324	223.367
42.18	449.011857272189	8264.01
42.18	450.014982652955	1348.53
42.18	451.007235230955	629.378
42.18	747.997627374137	1085.76
42.18	748.9934733411	305.671
42.18	922.009798	407.759
42.18	1046.98714134354	2317.18
42.18	1047.98555094936	929.615
42.18	1049.00176751398	480.967
42.18	1049.97342399412	276.281
42.18	1345.96972584614	2120.29
42.18	1346.9699366493	1160.79
42.18	1347.98636720649	542.582
42.18	1348.97506945049	228.787
42.18	1644.95273847606	717.074
42.18	1645.97416294522	324.818
42.18	1646.95750091115	299.879
42.18	1943.93334751551	395.231
42.18	1944.9391094264	250.023
42.18	1945.95497393716	290.007
44.1	51.0226605940301	276.879
44.1	54.0039835742004	157.5
44.1	78.0343004900919	216.026
44.1	92.0245228463732	180.238
44.1	94.0300062589325	451.807
44.1	150.028315659512	8319.7
44.1	150.132595459027	229.885
44.1	151.031828403452	748.55
44.1	449.01113271163	5418.78
44.1	450.019633393587	1132.04
44.1	451.014273519688	322.358
44.64	78.0315668964661	360.001
44.64	92.0248417369708	489.111
44.64	94.0251710474139	732.005
44.64	111.0917	568.136
44.64	122.023892034648	2.469
44.64	150.02790160214	4778.45
44.64	151.032020927796	312.379
44.64	449.005167050561	7962.27
44.64	450.004069777216	1128.17
44.64	451.00572819663	494.587
44.64	747.982538703839	1283.44
44.64	748.979028427708	316.336
44.64	749.987407642711	229.25
44.64	922.009798	449.504
44.64	1046.96491002714	1980.21
44.64	1047.96984164806	863.066
44.64	1048.96399355237	716.003
44.64	1345.94455250393	2521.52
44.64	1346.95376327609	989.329
44.64	1347.94574075271	714.538
44.64	1348.93666189177	215.195
44.64	1644.93134776735	547.005
44.64	1645.92492486179	479.724
44.64	1646.92454641542	358.669
44.64	1943.89955352508	478.169
44.64	1944.91087473053	299.875
44.64	1945.90154090654	299.641
44.64	1946.93964049707	205.331
46.56	51.0247557147055	185.682
46.56	78.031972420326	136.358
46.56	92.0269237606428	279.84
46.56	94.0270041530299	193.189
46.56	150.027479199293	9212.51
46.56	150.133309531024	189.798
46.56	151.030993705443	639.015
46.56	449.004585906876	4608.45
46.56	450.011506254294	1137.52
46.56	451.004988996317	273.761
36.6	51.022944046699	883.441
36.6	53.0008400209633	143.457
36.6	64.02668294247	103.634
36.6	66.0328373033122	151.258
36.6	78.036000135432	401.396
36.6	92.0234087612921	829.046
36.6	94.0267640682262	830.062
36.6	95.031351714772	190.806
36.6	150.027255894625	1979.7
37.14	51.0234663338725	217.375
37.14	92.0298750090229	451.841
37.14	94.0317542578339	656.778
37.14	111.0917	651.664
37.14	150.031305542887	3519.11
37.14	151.033541756702	224.08
37.14	449.013346806206	4145.2
37.14	450.013285820414	939.003
37.14	451.021444623458	329.348
37.14	748.004712413265	655.378
37.14	748.987486593139	235.54
37.14	922.009798	563.899
37.14	1046.98407271703	1465.57
37.14	1047.99220317603	380.823
37.14	1218.93704824867	379.673
37.14	1345.97002164381	1371.39
37.14	1346.96650070015	550.601
37.14	1347.97013998178	527.864
37.14	1644.96509870968	266.939
37.14	1943.92306494332	323.397
39.06	51.023633064046	581.349
39.06	78.034187186776	196.211
39.06	92.0264740241521	903.365
39.06	94.0310662039458	1212.83
39.06	150.030286732306	2243
39.06	151.033153801392	153.395
39.6	94.0293080027895	493.099
39.6	105.056601544915	225.469
39.6	111.0917	597.46
39.6	150.028920507025	2376.17
39.6	449.010118973672	4322.04
39.6	450.016014149732	470.95
39.6	451.013727467795	365.003
39.6	747.993751871612	766.294
39.6	748.995557351183	218.539
39.6	922.009798	491.186
39.6	1046.98941058385	1388.93
39.6	1047.98413564799	419.533
39.6	1048.97695672957	471.68
39.6	1213.96201517548	207.28
39.6	1345.96491969877	1493.98
39.6	1346.97529371227	709.68
39.6	1347.96465691578	459.773
39.6	1348.96669924999	252.961
39.6	1644.93899663794	323.408
39.6	1645.9399193015	229.08
39.6	1943.9297294796	223.939
39.6	1944.93082477832	218.36
39.6	1945.93485300311	213.633
41.52	51.0227434598072	962.161
41.52	52.0190787329243	145.013
41.52	52.9995931336393	230.538
41.52	66.0327895449087	221.223
41.52	78.0332202236096	340.333
41.52	92.0243338233947	559.74
41.52	94.0291675603837	897.604
41.52	150.029710845235	1344.19
41.52	151.029937285797	103.6
42.06	92.0262490815452	287.152
42.06	94.0314752962545	329.503
42.06	105.057508873999	224.062
42.06	111.0917	678.715
42.06	150.029459379397	2858.34
42.06	449.003916034755	3840.25
42.06	450.00509977709	567.568
42.06	450.996128111264	471.175
42.06	747.979685806304	832.33
42.06	922.009798	316.064
42.06	1046.95028718715	1191.26
42.06	1047.96099862551	556.186
42.06	1048.97012894074	399.184
42.06	1345.91995101527	1495.51
42.06	1346.9471999218	578.015
42.06	1347.93813243369	316.919
42.06	1644.90492936942	351.904
42.06	1645.91672928172	309.001
42.06	1943.85908023267	349.875
43.98	51.0261960405678	804.868
43.98	52.0201887614899	208.569
43.98	53.0031365654317	230.118
43.98	67.0179961806147	113.676
43.98	78.036963297419	545.448
43.98	92.027462140691	886.132
43.98	94.0301977808636	1139.84
43.98	95.0324708169981	264.332
43.98	150.030041154005	2057.78
43.98	151.035758705623	235.438
44.52	92.0295234050128	316.252
44.52	94.0297431758319	1128.5
44.52	111.0917	1256.65
44.52	150.031816858271	2870.9
44.52	151.031142693762	399.601
44.52	449.012736224939	3777.1
44.52	450.017202476162	739.837
44.52	451.016457233131	350.706
44.52	747.99237800629	608.581
44.52	922.009798	712.511
44.52	1046.97773845146	1360
44.52	1047.98546148677	468.098
44.52	1048.95980380412	455.007
44.52	1345.9536676355	1541.46
44.52	1346.96614679821	634.939
44.52	1347.96010127016	440.521
44.52	1644.94206168517	417.08
44.52	1645.93695436247	220.796
44.52	1752.02072616693	263.625
44.52	1943.90806733642	235.042
46.44	51.0251854510691	777.438
46.44	53.0036328186728	371.474
46.44	66.0350478518867	191.151
46.44	78.0364256444779	388.667
46.44	92.0265684103842	1421.22
46.44	94.0302282561932	1179.45
46.44	150.031247524097	2164.53
46.44	151.034532411008	256.706
46.98	94.0287646304482	545.41
46.98	105.057022411314	241.291
46.98	111.0917	480.524
46.98	122.026079123664	3.319
46.98	150.030467646772	3184.03
46.98	151.031264150379	456.247
46.98	449.012455024002	5309.25
46.98	450.020500868814	750.049
46.98	451.01334584909	619.64
46.98	747.999363556584	663.1
46.98	750.001352508362	216.559
46.98	919.937329638262	202.694
46.98	922.009798	467.966
46.98	1046.98742662721	1409.16
46.98	1048.00023976703	410.737
46.98	1048.98330218287	257.895
46.98	1213.97847376996	235.571
46.98	1218.91769210615	231.885
46.98	1220.91774198295	216.136
46.98	1345.96316168497	1393.05
46.98	1346.97942560596	443.184
46.98	1347.9646484765	444.373
46.98	1348.97088345556	237.345
46.98	1644.93982623729	234.72
46.98	1943.95859113369	238.925
36.54	51.0244935151735	983.58
36.54	53.00531998516	230.783
36.54	64.0300184889376	315.719
36.54	78.0324374733404	133.37
36.54	92.0269203997732	681.25
36.54	94.031639396464	611.402
36.54	901.291436766139	261.5
37.08	51.0231780323481	415.351
37.08	78.0344110267224	248.086
37.08	94.028987570858	824.16
37.08	105.057937294037	215.521
37.08	111.0917	1066.6
37.08	119.058939925569	219.587
37.08	150.031259283247	3494.33
37.08	151.030010670646	222.667
37.08	449.009019803163	3843.54
37.08	450.017866863859	615.08
37.08	451.013279303904	327.007
37.08	748.002055919408	625.56
37.08	922.009798	611.373
37.08	1046.9838726046	999.077
37.08	1047.98210260356	515.721
37.08	1048.9700508837	236.066
37.08	1218.9539388297	241.339
37.08	1345.96386310733	1290
37.08	1346.97547269586	433
37.08	1347.96780857794	206
37.08	1644.95763363422	302.494
39	51.0240176141377	1103.89
39	52.0255995587649	214.136
39	53.0035162060984	415.176
39	63.025390769717	137.86
39	66.0347895096681	109.471
39	78.033474928148	223.219
39	92.0262671488262	886.615
39	94.0296349561523	689.938
39	693.606623778978	257.101
39.54	51.0234166533629	252.58
39.54	78.0334893526879	217.907
39.54	94.0300929786531	880.995
39.54	105.057178771403	262.136
39.54	111.0917	795.36
39.54	150.029240844349	3421.5
39.54	151.033901229989	306.938
39.54	449.008228129728	4322.21
39.54	450.010867296201	956.397
39.54	451.014264110452	477.658
39.54	748.005131751826	662.085
39.54	748.999502086213	260.705
39.54	922.009798	388.245
39.54	1046.97393383817	1197.98
39.54	1047.97604416433	330.165
39.54	1048.97446991589	229.413
39.54	1213.96253512761	222.814
39.54	1345.95328724593	1275.92
39.54	1346.9576944949	442.552
39.54	1347.9593993518	363.298
39.54	1644.92827009545	334.125
41.46	51.0233090626173	844.694
41.46	52.0260013578906	201.526
41.46	53.0027947276063	823.314
41.46	63.0206401796183	136.889
41.46	64.0313331260206	167.236
41.46	78.0310558300934	126.741
41.46	92.0256569156826	676.822
41.46	94.0292209854214	472.236
42	94.0286118570816	594.552
42	111.0917	378.835
42	150.028918899043	2705.5
42	449.009170077001	3987.4
42	450.011044443013	836.181
42	451.000237012114	278.789
42	748.000857481815	610.929
42	922.009798	468.667
42	1046.97169741496	1075.1
42	1047.97573230904	368
42	1048.97715649864	363.156
42	1345.95086529481	1508.83
42	1346.96593078144	681.206
42	1347.95458308875	392.255
42	1644.92658300719	360.219
42	1645.94597493072	236.006
42	1943.92807839464	253.144
43.92	51.022976027528	1290.92
43.92	53.0022978895736	592.965
43.92	63.0215572286514	154.181
43.92	64.0310730733999	161.083
43.92	78.0335481692989	101.815
43.92	92.0240232800016	1004.15
43.92	93.0344569599709	138.05
43.92	94.0293579995955	683.66
44.46	51.0241309141152	450.791
44.46	92.0263505539654	255.48
44.46	94.0287443044557	661.91
44.46	96.0486772458138	201.926
44.46	111.0917	713.63
44.46	122.021788351716	2.269
44.46	150.029615226775	3318.28
44.46	151.029594674804	404.29
44.46	449.010664586311	4573.57
44.46	450.011891872155	834.05
44.46	451.0099375951	392.929
44.46	747.994482903157	658
44.46	748.999948311791	215.16
44.46	922.009798	487.166
44.46	1046.9714452552	1280.1
44.46	1047.97116750813	426.129
44.46	1048.96370904791	319.229
44.46	1049.94857826451	236.098
44.46	1218.92400898916	319.696
44.46	1345.96484456089	1073.25
44.46	1346.95840277983	459.283
44.46	1347.96097546914	425.914
44.46	1644.94074158808	388.821
44.46	1646.9241667022	228.089
46.38	51.0239356794137	1184.37
46.38	53.0018788898259	552.54
46.38	63.0240916733109	106.037
46.38	64.0310534294068	440.001
46.38	92.0263730407187	1321.94
46.38	93.0332508327958	130.682
46.38	94.0308315989722	834.842
46.38	190.044203892645	131.335
46.38	326.274393671178	235.261
46.92	78.0335574822852	260.284
46.92	94.0293823229256	552.148
46.92	105.052042263334	269.556
46.92	111.0917	449.518
46.92	119.061095520586	240.367
46.92	150.02956730201	4453.64
46.92	151.03041704854	537.867
46.92	449.008354173692	4332.9
46.92	450.005646139726	972.062
46.92	451.004126078399	400.928
46.92	747.991796145238	820.911
46.92	922.009798	523.881
46.92	1046.97299498457	1285.8
46.92	1047.98930638973	420.371
46.92	1048.99075251745	225.157
46.92	1213.9487338137	344.344
46.92	1218.90989458834	334.116
46.92	1345.96579987611	1247.4
46.92	1346.95433385587	527.45
46.92	1347.97040733054	448.14
46.92	1644.92838102659	238.696
