#SEC	MZ	INT
33.6	111.0917	213.696
33.6	115.055139762726	166
33.6	121.02332342517	700.226
33.6	152.045233519406	146.658
33.6	167.035491975785	120.911
33.6	196.996081454587	2908.04
33.6	197.999986472641	282.456
33.6	222.94929502797	134.694
33.6	224.980226984372	208.282
33.6	240.951824210789	411.197
33.6	268.928462053986	227.043
33.6	270.943950065701	121.002
33.6	298.918448285364	103.657
33.6	300.939101658556	552.68
33.6	301.940179490635	116
33.6	313.919204454889	374.675
33.6	344.886255366118	157.149
33.6	358.907751858332	1340.35
33.6	359.907713492833	351.703
33.6	372.857779667298	117.769
33.6	374.887645839793	223.013
33.6	376.89563898846	163.083
33.6	388.837117533481	158.277
33.6	420.847520215645	317.022
33.6	421.869830406765	116.613
33.6	448.829744000316	123.21
33.6	452.847569436316	116.169
33.6	453.860000239017	133.121
33.6	464.794435158007	145.662
33.6	465.793235464711	116.886
33.6	494.800360748759	102.6
33.6	496.801755455089	113.408
33.6	497.809359924698	147.321
33.6	524.778961228499	447.922
33.6	568.722896203774	113.15
33.6	672.628202459167	163.604
33.6	716.59229235019	196.452
33.6	718.554000535802	102.82
36.12	2260.49463447176	171.992
36.12	2277.29665157707	262.901
38.7	111.102787178962	687.611
38.7	121.034125510022	956.538
38.7	149.019729010295	496.53
38.7	197.009744299626	285.792
38.7	268.96036943422	114.92
38.7	296.932581061108	123.059
38.7	309.054536333356	109.792
38.7	1341.83353883337	132.658
38.7	1637.46949896908	212.371
38.7	1935.1522964856	125.41
38.7	1937.1539890488	111.225
38.7	2232.82819583335	103.246
38.7	2530.44104709595	110.026
38.7	2533.4536254144	149.375
41.22	121.031339610569	152.363
41.22	149.021158199865	123.799
42.78	632.440334436084	102.799
43.8	111.103374935914	551.002
43.8	121.03530999544	733.062
43.8	149.018940830464	339.56
43.8	197.012138324017	133.033
43.8	198.017252738922	143.64
43.8	309.055967338162	116.885
43.8	744.463302815762	142.56
43.8	1280.53058806159	120.167
43.8	1488.77412028818	102.783
43.8	1637.5083912354	139.445
43.8	1638.52217761528	126.889
43.8	1785.39630831326	100.084
43.8	1935.20681566023	146.103
43.8	1936.21892183791	159.76
43.8	1937.21389259731	114.038
43.8	2439.40878034428	112.602
43.8	2530.54334972416	178.215
43.8	2532.48635037466	126.307
43.8	2865.79918831352	116.381
46.38	121.033094487099	114.24
47.88	149.025379366155	119.267
48.9	111.099865343233	548.291
48.9	121.030747053635	990.295
48.9	149.023647428389	287.268
48.9	197.010472274097	208.69
48.9	205.030515378468	120.68
48.9	240.961127681908	189.48
48.9	268.946063745549	142.211
48.9	296.923312660439	181.064
48.9	1339.77851920244	119.571
48.9	1637.43892653355	240.167
48.9	1638.47808845137	109.845
48.9	1785.2560831678	113.339
48.9	1786.35744998592	112.322
48.9	1787.42654709367	118.388
48.9	1935.14555006382	241.095
48.9	1936.11906179529	120.875
48.9	1937.07829731155	133.471
48.9	2531.43160045834	119.889
48.9	2532.45603767	167.248
33.06	436.795255876225	104.557
33.06	448.794511513647	117.023
34.08	107.031324730919	100.66
34.08	111.0917	951.433
34.08	121.021806941495	722.917
34.08	141.049856914702	242.533
34.08	170.018479436149	103.551
34.08	196.993737021253	2450.64
34.08	198.000278184512	556.171
34.08	199.001338369097	102.806
34.08	222.942083941849	134.965
34.08	224.97289307012	270.931
34.08	225.976117290584	107.017
34.08	240.949073067312	445.446
34.08	241.943846695159	121.521
34.08	268.92859353665	344.276
34.08	272.972148564458	226.668
34.08	298.925616919011	358.398
34.08	300.934328024528	310.363
34.08	313.917721844316	226.001
34.08	316.901933145025	122.84
34.08	326.890936567024	136.641
34.08	344.8893759412	265.559
34.08	358.901044566045	1185.12
34.08	359.905887163785	433.758
34.08	372.861448343234	189.686
34.08	374.882163492571	200.25
34.08	376.895587734884	340.901
34.08	389.850617010066	121.636
34.08	403.849696477775	106.13
34.08	420.837881947135	331.333
34.08	421.843059330542	239.15
34.08	448.816558027027	334.055
34.08	464.787902573904	160.033
34.08	494.786323948554	139.778
34.08	496.79773719982	243.213
34.08	524.784711335354	209.789
34.08	644.67978018365	118.45
34.08	672.639928071095	113.282
34.08	716.587174194418	170.121
34.08	791.422539663013	137.278
38.16	149.004927623673	160.282
38.16	2013.86019037761	261.083
39.18	111.102239709162	673.267
39.18	115.057418758007	107.002
39.18	121.029660501794	978.019
39.18	149.020463180209	615.396
39.18	197.009839480358	159.93
39.18	236.736461352497	283.948
39.18	296.928715595693	149.233
39.18	297.921213440757	134.121
39.18	1639.49633946935	117.2
39.18	1786.29401758958	107.036
39.18	1787.30958843869	123.408
39.18	1935.0676467784	108.837
39.18	1936.11892185838	103.281
39.18	2234.76064763785	111.769
39.18	2530.4332269524	124.721
39.18	2977.90520942891	122.104
41.7	105.738980908466	215.239
41.7	121.032375830359	175.025
43.26	2544.66640181941	263.25
44.28	111.101718769328	669.182
44.28	112.100415821878	130.006
44.28	121.035259327158	657.779
44.28	149.021161786249	257.948
44.28	198.008921855821	154.5
44.28	268.961856783109	155.014
44.28	1487.70160023712	112.907
44.28	1637.52341232263	186.24
44.28	1639.57508834418	153.335
44.28	1860.91883682866	258.51
44.28	1935.14857854289	237.166
44.28	1935.23492154655	145.8
44.28	2531.52122770739	140.51
46.8	51.7973771899287	271.493
46.8	121.036263504456	105.002
46.8	438.487885831921	277.504
49.38	111.102435274406	999.676
49.38	121.033170570856	713.807
49.38	149.020200920943	261.007
49.38	296.94174924621	102.142
49.38	566.671432778914	127.882
49.38	894.334069397057	111.488
49.38	1487.68729127102	147.5
49.38	1637.51480086391	144.533
49.38	1638.50540886782	125.458
49.38	1639.44388625969	113.13
49.38	1935.17153344766	157.265
49.38	2234.86025030862	117.969
49.38	2531.43331382113	127.6
51.9	121.036276723804	133.154
51.9	1945.30562874244	137.125
33.9	111.101916991084	426.062
33.9	121.03098127973	729.929
33.9	149.020895959542	390.743
33.9	197.012163006864	889.824
33.9	198.012929685399	149.782
33.9	199.023837398792	104.719
33.9	240.964837503427	216.005
33.9	268.9546250591	231.61
33.9	420.884991227709	108.226
33.9	1369.20380548412	212.969
33.9	1637.51978048939	179.026
33.9	1935.16631498096	178.595
33.9	2530.38923779349	102
36.42	121.03267367403	209.514
37.98	149.024999755698	107.165
37.98	2294.63510637292	211.014
39	111.0917	525.043
39	121.026228597837	287.12
39	122.027692531849	108.94
39	196.995633361776	192.125
39	268.935517214941	164.42
39	1935.00899986865	156.461
39	1936.01659480725	119.055
39	2233.77759066012	106.036
39	2530.30183170307	113.613
39	2531.36062077696	103.059
41.52	121.025388917268	150.132
43.08	149.010278118114	141.048
44.1	111.100547195939	620.627
44.1	121.032608617942	1042.78
44.1	141.061009548203	125.25
44.1	149.022732971878	337.045
44.1	197.012479834143	248.355
44.1	296.930209600502	122
44.1	297.931323755864	119.089
44.1	1193.04533367837	136.793
44.1	1778.118825199	135.355
44.1	1935.16805174153	240.413
44.1	1938.15896681463	102.048
44.1	2530.46831119135	176.347
44.1	2531.44695419592	101.571
44.1	2532.49546865826	117.727
44.1	2533.46204267667	111.289
44.1	2534.43174685818	106.002
49.2	111.103111171976	625.94
49.2	121.034783424469	1024.27
49.2	149.019294534836	185.227
49.2	197.012282826933	311.125
49.2	268.948145967869	307.235
49.2	309.048541497821	155.257
49.2	1488.68966390825	105.612
49.2	1637.51167561237	177.634
49.2	1638.5313036585	104.011
49.2	1785.36315968505	116.263
49.2	1935.14840330511	174.383
49.2	2530.51607339783	119.494
51.78	121.030970806859	157.025
51.78	149.019150768829	195.48
53.28	508.053624798661	258.121
33.72	111.101586819098	669.475
33.72	121.028137477156	955.15
33.72	135.045617576718	105.594
33.72	149.021338740103	203.521
33.72	197.005671458137	205.089
33.72	296.937687375685	108.008
33.72	309.039903938565	151.929
33.72	1168.25017901963	100.083
33.72	1592.0328427255	118.931
33.72	1637.43307240063	336.571
33.72	1639.44840925254	115.274
33.72	1785.28393029087	175.042
33.72	1786.3247822867	103.108
33.72	1935.1189161376	149.918
33.72	1936.07803460217	255.174
33.72	1937.08187893941	120.56
33.72	2232.73616392021	104.44
33.72	2530.39517281099	199.939
33.72	2767.01555974751	111.446
36.24	121.02697158845	169.362
36.24	194.820278113189	110.178
37.8	121.02921297452	114.859
38.82	111.101659020904	744.548
38.82	121.034292672359	857.983
38.82	149.021241912673	370.002
38.82	197.01822275079	218.25
38.82	240.961477928882	133.551
38.82	296.932688077374	162.174
38.82	309.047476038755	121.184
38.82	744.47564378067	180.371
38.82	892.355294879501	118.003
38.82	1487.70884084948	125.002
38.82	1489.69174537543	116.045
38.82	1637.5352765719	396.907
38.82	1639.4886482364	191.324
38.82	1785.35037396645	185.147
38.82	1786.32851132589	113.409
38.82	1787.39800297921	101.125
38.82	1935.16950621547	211.25
38.82	1936.16894617041	130.012
38.82	1937.19327099268	131.121
38.82	1957.128040561	140.35
38.82	2531.50144926588	160.08
38.82	2532.52440661163	224.787
38.82	2829.12240704701	131.034
38.82	2977.96584442502	106.247
43.92	93.0427462127227	113.048
43.92	111.0917	360.57
43.92	121.023920301252	895.695
43.92	139.260042148701	100.166
43.92	196.994546542269	360.25
43.92	205.02098361646	115.1
43.92	296.913606211823	116.723
43.92	1487.57002624143	136.233
43.92	1490.54476970695	100.337
43.92	1637.37668315823	264.889
43.92	1638.35755944422	203.333
43.92	1811.16961985769	118.043
43.92	1934.99248547897	222.38
43.92	1937.0264316642	175.395
43.92	2532.31003479743	117.694
49.02	111.0917	570.007
49.02	121.021886124181	725.421
49.02	149.008643866913	153.227
49.02	196.992346668254	146.96
49.02	296.904399272977	112.002
49.02	1637.37139930037	146.012
49.02	1785.23203374607	119.679
49.02	2532.23541785715	121.19
49.02	2638.8179174584	121.493
51.54	253.142870644228	108.694
51.54	1807.50995944863	263.011
53.1	149.007132207238	207.379
33.78	111.0917	555.127
33.78	460.193624877474	102.134
33.78	1670.60187665723	103.728
37.86	2163.50220199262	269.055
37.86	2230.84663579274	120.225
38.88	111.0917	314.008
42.96	397.857311532381	273.021
43.98	111.0917	259.299
43.98	951.845242318426	108.059
43.98	1471.22115538088	103.564
49.08	111.0917	306.36
49.08	115.047309766028	134.25
49.08	121.023733634789	611.736
49.08	141.046827553932	128.056
49.08	169.025002421388	107.583
49.08	196.993554591763	2122.13
49.08	197.995728140933	506.92
49.08	209.978054203084	105.163
49.08	224.9766807222	200.896
49.08	240.948731017003	406.827
49.08	268.914557642592	106.911
49.08	270.964573469926	106.676
49.08	272.981211891921	150.102
49.08	300.938776251341	145.007
49.08	301.92567457889	155.008
49.08	309.007205159245	101.289
49.08	313.925965870212	200.036
49.08	326.881538032834	118.103
49.08	358.9026799833	845.229
49.08	359.913848550502	235.769
49.08	418.828915915301	147.5
49.08	420.843520795778	349.014
49.08	448.818339288831	284.311
49.08	496.789285686826	310.357
49.08	524.780029055945	264.488
49.08	571.736688306513	101.918
49.08	572.745726912422	134.013
49.08	596.688061147438	154.322
49.08	644.666483510208	135.625
49.08	687.509849035177	132.817
51.6	150.007146546973	149.178
51.6	1658.45177991885	225.801
53.16	149.00980427243	123.223
53.16	2333.459493282	221.821
33.66	111.0917	290.294
33.66	121.021510061796	530.375
33.66	196.991311277992	1618.42
33.66	197.997348557696	150.56
33.66	224.976150179303	253.179
33.66	240.943611985077	179.758
33.66	272.956176193925	116.25
33.66	298.9182077014	164.512
33.66	300.936417167692	259.256
33.66	344.880956025414	238.41
33.66	358.897398361254	355.945
33.66	359.896052774548	123.735
33.66	376.888023227504	149.918
33.66	420.836991980697	303.225
33.66	421.847498588131	100.388
33.66	448.795399617934	167.561
33.66	496.78255426864	256.087
33.66	524.770583664104	176.002
33.66	686.497836343392	105.89
33.66	764.543595083821	101.414
33.66	824.532169172817	106.002
33.66	910.359915488579	108.008
37.74	2722.21048498356	268.091
38.76	111.103805543178	277.28
38.76	121.034775461279	498.207
38.76	149.01836339835	201.142
38.76	197.013493975225	354.032
38.76	268.954588199603	122.309
38.76	309.055279092282	124.186
43.86	111.104138609974	378.312
43.86	112.106340013229	141.061
43.86	121.032237337651	571.455
43.86	149.017916771373	314.356
43.86	370.932510693999	102.75
43.86	1637.52483432442	102.521
43.86	1936.17676333374	168.034
47.94	2551.37335168929	105.036
48.96	111.0917	392.045
48.96	121.022989551357	901.551
48.96	1785.20845595419	148.112
48.96	1934.9735499235	132.781
48.96	2530.26858407317	117.786
48.96	2816.84832782611	116.783
53.04	121.017960610914	117.634
34.26	111.0917	602.244
34.26	112.086664062379	122.399
34.26	121.02075259447	691.52
34.26	122.020925180174	192.159
34.26	139.032461127144	122.233
34.26	140.020653058055	181.258
34.26	196.9916795362	2345.65
34.26	197.995685831206	316.504
34.26	224.969722007194	315.014
34.26	240.942467786285	196.223
34.26	241.940905054145	102.446
34.26	268.923234329088	170.711
34.26	270.945107053896	112.257
34.26	272.966789281777	144.285
34.26	300.932549800897	469.176
34.26	313.90992391779	110.76
34.26	326.892556733914	127.214
34.26	344.87512351488	135.246
34.26	358.900805766328	881.582
34.26	359.902213941617	247.04
34.26	372.86011952132	112.163
34.26	374.876839554373	212.471
34.26	376.890192405293	160.843
34.26	418.831997685744	100.56
34.26	420.839617915391	358.994
34.26	421.828610202711	214.379
34.26	448.807242246416	299.255
34.26	449.811538051323	105.03
34.26	496.781899899599	186.333
34.26	497.794114161938	209.005
34.26	524.766582843993	238.379
34.26	525.761534155013	135.023
34.26	568.707470137538	153.112
34.26	584.669979011441	106.625
39.36	111.0917	487.919
39.36	121.02182959287	1032.73
39.36	196.991970499017	268.018
39.36	197.997779700079	181.178
39.36	240.934095901067	111.405
39.36	284.124956604148	117.633
39.36	892.263839457887	115.133
39.36	1637.35328390021	128.817
39.36	1639.33458753272	135.213
39.36	1786.18183897967	109.369
39.36	1934.96805637501	183.08
39.36	1935.979701633	227.243
39.36	1936.94180523024	128.556
39.36	1938.94246301137	101.198
39.36	2233.57673506228	130.255
39.36	2234.61399133414	110.247
43.38	157.137882597172	101.564
44.46	111.100668625134	451.747
44.46	121.030911636935	1017.97
44.46	149.022570121292	207.38
44.46	197.007698076232	198.688
44.46	240.960304921623	160.243
44.46	744.44972256365	102.704
44.46	893.290672208403	119.095
44.46	1190.00976634995	172.285
44.46	1339.8263868028	110.011
44.46	1487.66916537198	144.644
44.46	1637.48081944898	232.973
44.46	1638.46331229972	164.686
44.46	1785.30766857345	146.129
44.46	1786.34706858595	154.552
44.46	1935.09957788562	246.18
44.46	1937.15168388757	152.857
44.46	2530.43259573436	131.98
44.46	2531.44692478755	144.64
48.48	401.757813690197	269.33
49.56	111.101720781827	466.215
49.56	121.033035886184	992.628
49.56	149.021159087364	421.518
49.56	197.014906981427	285.895
49.56	205.039420854548	110
49.56	563.529830584277	267.402
49.56	1339.81686903283	102.89
49.56	1487.67624228167	149.225
49.56	1637.47843705925	146.474
49.56	1638.53091132271	136.053
49.56	1639.47415210092	166.44
49.56	1785.40486968301	139.375
49.56	1935.20793460715	169.36
49.56	1936.15143965293	174.875
49.56	2232.82318967716	110.521
49.56	2234.8035005674	177.942
49.56	2381.69268621092	117.226
49.56	2530.4709521325	120.682
49.56	2532.47830597605	136.973
53.64	88.2553340417405	100.016
