#SEC	MZ	INT
33.48	107.04816787027	700.797
33.48	135.05534991299	1533.35
33.48	419.059468372179	1115.05
33.48	420.063441898528	108.336
34.5	111.0917	167.008
34.5	135.054868100248	947.402
34.5	419.063287192939	2638.16
34.5	420.063094771812	576.889
34.5	421.048917964559	292.781
34.5	703.064096068734	435.662
34.5	704.075038732219	408.092
34.5	705.042233336488	117.414
34.5	922.009798	260.033
34.5	923.007562872035	173.073
34.5	987.072667871944	2225.89
34.5	988.076770934134	823.275
34.5	989.07010720009	539.974
34.5	990.074825547219	216.961
34.5	1271.08748522572	743.535
34.5	1272.07501778394	484.122
34.5	1273.0706707035	271.68
34.5	1274.06413701253	149.077
34.5	1555.10558541763	511.682
34.5	1556.0834928811	364.418
34.5	1557.09303372629	280.322
34.5	1558.08469581492	105.42
34.5	1839.06779180195	106.391
38.58	107.050273623158	301.959
38.58	135.055593690463	1110.66
38.58	136.05734622514	143.457
38.58	419.061392319947	711.335
38.58	420.060791230131	113.045
39.6	111.035079058203	127.026
39.6	111.0917	483.881
39.6	135.052417993279	417.837
39.6	419.062997527323	2360.73
39.6	420.061597567969	674.882
39.6	421.059475036741	271.446
39.6	703.074665492686	694.925
39.6	704.064112941929	197.942
39.6	705.074601258257	112.593
39.6	706.092517851238	153.063
39.6	922.009798	410.692
39.6	987.090098238026	2150.81
39.6	988.105674630444	685.518
39.6	989.093565835305	509.768
39.6	1032.08633165253	161.646
39.6	1271.10417368765	692.225
39.6	1272.09274598083	292.107
39.6	1273.08101338863	245.669
39.6	1274.13144319307	107.333
39.6	1316.10481047876	147.09
39.6	1555.10593378155	627.343
39.6	1556.11366452346	487.058
39.6	1557.12782383678	282.906
39.6	1874.43822860729	266.631
43.68	107.047230788891	608.723
43.68	135.053056663004	1597.84
43.68	419.063254790021	1731.47
43.68	420.070037458973	368.694
44.7	107.047609604089	141.988
44.7	111.042831704337	176.519
44.7	111.0917	559.457
44.7	112.094166752124	103.26
44.7	123.041788319256	521.343
44.7	135.054527904922	2413.11
44.7	136.054433527784	119.341
44.7	309.186850792984	118.247
44.7	419.062651921013	4777.03
44.7	420.069851317645	822.87
44.7	421.063878131688	344.003
44.7	464.039972250704	113.384
44.7	703.07433489173	1225.71
44.7	704.078824383189	373.308
44.7	705.047687362632	163.781
44.7	922.009798	581.001
44.7	987.089026967952	4375.5
44.7	988.09565947443	1991.91
44.7	989.09143298	1242.38
44.7	990.093764316003	296.98
44.7	991.10626109521	142.21
44.7	1032.07561213309	475.004
44.7	1033.06113503414	117.025
44.7	1034.06585813669	106
44.7	1271.10744008755	1432.06
44.7	1272.11973776556	735.675
44.7	1273.09389448887	593.801
44.7	1274.09789317357	279.002
44.7	1275.07570231874	118.118
44.7	1316.07551428423	259.711
44.7	1317.06543403453	137.672
44.7	1318.07972356693	117.161
44.7	1555.10334358689	956.975
44.7	1556.1178215819	473.521
44.7	1557.11554774311	517.962
44.7	1558.10686775581	199.245
44.7	1559.12606090051	156.289
44.7	1560.11401611126	112.081
44.7	1600.10530629872	131.45
44.7	1601.09391764668	112.29
48.78	64.0306597698448	113.625
48.78	77.0380967213346	222.551
48.78	107.049193775962	951.746
48.78	135.055116544689	2525.75
48.78	136.054308408093	423.989
48.78	419.061546874484	1655.19
48.78	420.06034425233	180.248
48.78	421.056427109798	209.8
49.8	107.096655866996	124.565
49.8	111.0917	231.286
49.8	123.093892283706	438.723
49.8	135.104756323931	1083.38
49.8	180.0872613885	272.504
49.8	419.109205611369	3673.84
49.8	420.114333013458	779.311
49.8	421.11638389154	129.594
49.8	464.079114059586	109.723
49.8	703.101816783551	538.479
49.8	704.100974561781	221.776
49.8	748.110956391447	110.297
49.8	875.015749300767	244.196
49.8	922.009798	529.675
49.8	923.002696214373	106.121
49.8	987.070953371311	2586.5
49.8	988.067399387625	1262.57
49.8	989.074425171952	543.342
49.8	990.06588585648	181.617
49.8	1032.05399170685	195.444
49.8	1154.04346752058	439.379
49.8	1155.02923722476	188.007
49.8	1158.98079871148	570.125
49.8	1160.00018321369	188.612
49.8	1160.98723147513	230.111
49.8	1174.95708475449	195.835
49.8	1199.02148683301	199.021
49.8	1203.97305813516	149.089
49.8	1204.99277202405	137.988
49.8	1205.98958389206	106.113
49.8	1271.05185070992	880.352
49.8	1272.05175798871	385.898
49.8	1273.0534589055	337.646
49.8	1274.03359562749	100.237
49.8	1438.9803952145	123.356
49.8	1555.01348738073	454.504
49.8	1556.01860182869	312.125
49.8	1557.00449054497	276.125
49.8	1599.97304410325	125.045
53.88	107.098589069986	553.23
53.88	108.042065177237	259.042
53.88	135.105931380693	1856.79
53.88	419.106041206455	898.682
53.88	420.111404587626	313.62
54.9	111.044627262418	103.557
54.9	111.0917	516.917
54.9	123.044188188583	511.36
54.9	135.055287115536	1150.17
54.9	394.12142223069	119.735
54.9	419.061549801654	2728.78
54.9	420.060638856793	466.675
54.9	421.053072276199	182.898
54.9	507.200849050709	230.601
54.9	545.169256601734	124.92
54.9	703.077812367033	392.125
54.9	704.087449678621	194.007
54.9	748.04904645262	105.907
54.9	875.016447164092	514.878
54.9	875.99289707319	107.083
54.9	922.009798	441.801
54.9	922.993960633363	110.335
54.9	987.079552692873	1811.61
54.9	988.083188586747	482.612
54.9	989.087522331474	353.205
54.9	990.078188382687	188.013
54.9	1032.06257453214	215.061
54.9	1046.94639989361	104.579
54.9	1154.07507876399	636.67
54.9	1155.09249098087	238.94
54.9	1156.06128097306	225.422
54.9	1157.03926292115	134.383
54.9	1159.02120794821	1091.22
54.9	1160.02150580498	577.445
54.9	1161.02778084205	295.951
54.9	1174.96075525797	100.005
54.9	1199.05033942297	107.493
54.9	1271.10517278273	638
54.9	1272.09247767006	271.49
54.9	1273.08804092984	210.844
54.9	1274.07028842784	119.475
54.9	1329.04736057074	101.015
54.9	1330.97607342165	293.737
54.9	1331.95199067434	185.151
54.9	1332.95715763632	117.371
54.9	1438.06835916068	104.941
54.9	1443.0283613115	125.41
54.9	1555.07994855625	420.348
54.9	1556.09721191566	107.75
54.9	1557.08529632147	129
58.98	107.052578448227	453.014
58.98	135.057553955972	916.562
58.98	136.060514397391	100.533
58.98	419.075812934977	550.188
58.98	420.053386651237	103.266
58.98	421.062770117644	109.002
58.98	811.742395187474	200.422
33.18	107.053091485414	307.17
33.18	135.056964226859	851.944
33.18	417.164396020167	848.985
33.18	418.178299799598	288.323
33.18	419.061297136909	483.79
33.18	420.05837709893	184.786
34.2	111.0917	619.364
34.2	123.04600928944	248.086
34.2	135.055459155891	1258.85
34.2	228.101228787322	447.346
34.2	347.138033511485	1278.92
34.2	348.135416556182	252.167
34.2	349.155062893967	607.121
34.2	350.15012968451	127.841
34.2	417.159023054244	200.612
34.2	419.065021299825	2200.24
34.2	420.067184940668	537.72
34.2	421.065871811906	111.014
34.2	453.181695780315	252.581
34.2	454.185254806715	134.446
34.2	455.196756585306	618.887
34.2	456.196375708206	323.472
34.2	484.208131242354	167.013
34.2	511.349216334097	106.446
34.2	559.22551128229	124.885
34.2	560.196142276766	116.196
34.2	561.242317818215	477.051
34.2	562.248252942657	242.156
34.2	590.265662174461	178.538
34.2	667.292164980156	178.062
34.2	703.070984001942	449.379
34.2	704.082814246885	164.894
34.2	713.480649451133	102.637
34.2	811.689015216187	133.103
34.2	875.017754387426	181.735
34.2	922.009798	727.706
34.2	923.024299935475	179.064
34.2	987.082366897882	1874.89
34.2	988.079260860524	1319.76
34.2	989.084192349704	511.176
34.2	991.090623602015	100.029
34.2	1159.03110214794	242.66
34.2	1160.04253670998	105.533
34.2	1271.09444191521	746.967
34.2	1272.10080938727	347.327
34.2	1273.09294406539	310.268
34.2	1274.10000123211	170.388
34.2	1502.91433336767	104.469
34.2	1555.1054758771	624.762
34.2	1556.09782974857	318.225
34.2	1557.07000521183	167.889
34.2	1558.07509627817	143.758
36.72	450.94431579195	119.446
36.72	509.593700591419	268.504
36.72	1654.11294543706	113.633
38.28	48.0895771960428	266.929
38.28	107.050083987105	830.008
38.28	135.056886362104	1987.61
38.28	136.063377342747	310.163
38.28	419.060947449476	1159.4
38.28	420.061844492802	127.759
38.28	421.052386121475	109.219
39.3	107.052810702664	105.289
39.3	111.0917	501.228
39.3	123.04748822338	174.602
39.3	135.056143892692	1166.47
39.3	419.06444198681	2531.56
39.3	420.065653320177	513.781
39.3	421.061507422681	199.76
39.3	703.071545669313	790.618
39.3	704.060291711579	264.242
39.3	705.072439264547	102.44
39.3	922.009798	465.675
39.3	987.083245139951	3233.83
39.3	988.083838642518	1476.2
39.3	989.085292817108	1065.42
39.3	990.089314688526	360.741
39.3	991.118364544634	108.321
39.3	1032.09149597538	131.556
39.3	1159.0184338396	130.132
39.3	1271.08993976416	1315.53
39.3	1272.10683849126	815.12
39.3	1273.08759371442	676.789
39.3	1274.07296917292	179.125
39.3	1555.10199657269	1079.59
39.3	1556.11066860484	615.695
39.3	1557.10162370831	595.533
39.3	1558.09424230277	243.268
39.3	1559.10598975148	110.184
39.3	1839.09226816878	220.012
39.3	1840.10192569704	205.8
39.3	1841.14134228342	102.246
43.38	77.0375820072518	100.507
43.38	107.050023997056	259.613
43.38	135.057287537504	1031.97
43.38	419.06601390854	737.039
43.38	1542.89377768366	137.001
43.38	1946.49534893551	105.837
44.4	107.053797890746	100.565
44.4	111.0917	1134.19
44.4	135.057397492494	721.723
44.4	309.191260873834	169.521
44.4	419.058840038987	2335.78
44.4	420.062684694224	229.083
44.4	421.057734722699	119.002
44.4	703.069141198665	725.474
44.4	704.063921913396	163.917
44.4	921.905176927389	132.213
44.4	922.010039368516	798.284
44.4	923.002277434892	131.64
44.4	987.072492754572	2354.41
44.4	988.075675597412	1012.09
44.4	989.06556114479	752.177
44.4	990.074911573447	210.58
44.4	1032.0605402759	208.2
44.4	1271.07399517515	804.725
44.4	1272.08163011373	603.011
44.4	1273.08166749674	508.406
44.4	1275.05867322112	131.166
44.4	1316.06448510461	102.793
44.4	1555.07442433842	605.363
44.4	1556.07241541897	304.568
44.4	1557.07053188377	236.367
44.4	1558.06327587933	195.183
44.4	1601.07445973061	108.339
44.4	1839.05333013998	146.385
44.4	1841.08276782272	114.471
48.48	107.049457023876	773.893
48.48	135.056397510947	1792.61
48.48	136.057949961852	180.18
48.48	419.059310360415	1217.31
48.48	420.060935080734	208.72
48.48	421.066900620276	127.602
49.5	68.217926294913	139.143
49.5	107.044506889044	154.047
49.5	111.042476746343	374.507
49.5	111.0917	1024.92
49.5	112.091373464686	102.02
49.5	121.050484866629	122
49.5	123.043482140484	458.039
49.5	135.053244274898	2174.66
49.5	136.058798530842	193.057
49.5	309.190375013915	146.635
49.5	419.061031682546	4728.41
49.5	420.064200009538	889.583
49.5	421.06168552391	644.331
49.5	703.069396727637	1143.54
49.5	704.078247082355	396.232
49.5	922.009798	950.583
49.5	923.012944686881	162.45
49.5	987.083154440107	4915.08
49.5	987.321219755987	115.875
49.5	988.088100634769	1755.11
49.5	989.083000201475	1152.76
49.5	990.073595046923	399.712
49.5	991.084210498794	140.799
49.5	1032.06630885276	518.001
49.5	1033.06337358205	124.157
49.5	1034.05927741073	286.315
49.5	1271.09925345622	1885.31
49.5	1272.09903428544	1185
49.5	1273.09744483293	782.227
49.5	1274.09832041077	327.656
49.5	1275.13039301524	111.625
49.5	1316.07271977784	485.014
49.5	1317.09015452392	111.976
49.5	1318.06760783533	175.064
49.5	1555.09628264512	1061.06
49.5	1556.11546828829	746.611
49.5	1557.12457357391	425.061
49.5	1558.12569744727	186.207
49.5	1559.08322804108	125.885
49.5	1600.08265729529	175.139
49.5	1601.08662897527	120.721
49.5	1839.11662219164	146.598
49.5	1841.14572065992	103.321
53.58	77.0371931798845	208.568
53.58	88.6927621281227	118.045
53.58	107.047128164047	1154.14
53.58	135.056368286919	1735.35
53.58	136.053123669207	242.378
53.58	419.062524005797	1375.47
53.58	420.064694746468	256.636
53.58	631.230852099295	181.671
54.6	107.050054000739	181.243
54.6	111.042288621637	250.475
54.6	111.0917	745.689
54.6	123.046583138765	445.942
54.6	135.055083154972	1678.14
54.6	309.183079006606	215.05
54.6	419.061744722352	4377.28
54.6	420.062114111888	738.23
54.6	421.062192285204	263.837
54.6	703.065546161354	618.15
54.6	705.078135851714	229.213
54.6	807.997094914573	101.474
54.6	831.589732802454	106.156
54.6	874.996977151215	191.039
54.6	877.012039862172	147.389
54.6	922.009798	581.198
54.6	922.999366834646	169.361
54.6	987.071174035259	3414.11
54.6	988.075286797458	1033.07
54.6	989.081938597902	853.08
54.6	990.073153185509	168.367
54.6	1032.07250653734	373.579
54.6	1033.06090249535	151.002
54.6	1154.07465856649	359.969
54.6	1155.06969621031	188.425
54.6	1159.01470172862	515.004
54.6	1160.00294940158	224.132
54.6	1161.03817902336	128.111
54.6	1204.01403648632	138.88
54.6	1271.08479196778	1238.59
54.6	1272.09599507613	799.189
54.6	1273.08193925286	331.416
54.6	1274.10930893849	121.261
54.6	1316.04270877946	277.375
54.6	1317.09060737389	137.004
54.6	1439.1002485841	103.64
54.6	1443.00937184917	119.579
54.6	1555.09405829859	658.002
54.6	1556.09963710997	457.476
54.6	1557.06574326063	216.012
54.6	1557.14390997386	131.075
54.6	1594.02159040831	100.087
54.6	1839.08689319763	208.225
58.68	77.0399124738297	189.004
58.68	107.05164385049	844.504
58.68	135.055200043432	1698.01
58.68	136.055932544617	227.504
58.68	419.063184128061	1088.85
58.68	420.049968547818	126.327
58.68	421.054147761313	136.405
59.7	107.049318829117	194.03
59.7	111.041656293304	126.049
59.7	111.0917	529.935
59.7	123.040375478656	278.69
59.7	135.052931684877	1068.43
59.7	309.18797806377	150.065
59.7	394.137287151647	144.202
59.7	419.059951510376	2418.06
59.7	420.057943944812	520.616
59.7	421.05299683572	229.507
59.7	455.172436974404	108.05
59.7	703.064309554644	430.004
59.7	704.080411707617	153.403
59.7	705.068180736039	211.315
59.7	875.006512671029	369.001
59.7	922.009798	684.759
59.7	923.009122861316	202.5
59.7	943.723566531266	101.716
59.7	987.078948545363	2150.03
59.7	988.084652843369	716.84
59.7	989.089618424927	420.931
59.7	990.067761615469	104.188
59.7	1028.18165031451	104.75
59.7	1032.05856196717	184.669
59.7	1040.90024970474	146.89
59.7	1154.07852225118	424.306
59.7	1155.05976224418	171.081
59.7	1156.06204195731	179.023
59.7	1159.02029323597	700.941
59.7	1160.03929202619	300.507
59.7	1161.00404719752	241.432
59.7	1162.027508762	171.345
59.7	1204.01032638325	129.018
59.7	1271.08472991326	643.769
59.7	1272.09627673269	406.001
59.7	1273.09074366635	173.143
59.7	1274.08051285554	107.095
59.7	1316.08272552755	120.333
59.7	1326.02676702441	134.335
59.7	1439.07987926026	180.004
59.7	1443.02986515339	132.087
59.7	1512.5219056154	103.561
59.7	1555.08898018433	448.136
59.7	1556.10480894315	246.846
59.7	1557.08620175551	127.367
59.7	1558.0790641709	105.05
59.7	1839.0838524779	149.007
34.2	111.0917	206.587
34.2	283.113308082084	318.047
34.2	417.160613904169	909.323
34.2	418.155566132563	151.882
34.2	922.009798	623.288
34.2	923.006241405517	124.032
37.92	77.0347530106735	102.93
37.92	107.046007036254	720.79
37.92	135.051850188512	947.981
37.92	417.155856459194	401.018
37.92	418.164283107124	169.023
37.92	419.059076650452	748.182
38.64	111.046667685891	283.253
38.64	111.0917	980.918
38.64	123.044624189823	518.938
38.64	135.058412133143	1214.48
38.64	228.101680983129	548.164
38.64	334.15548175315	150.375
38.64	347.142137499703	604.876
38.64	349.150779156941	603.273
38.64	419.061989958427	3201.35
38.64	420.060948104237	590.491
38.64	421.072658648394	241.961
38.64	453.179345249775	347.336
38.64	454.182143060992	187.845
38.64	455.194657962904	1034.69
38.64	456.19846395556	290.144
38.64	457.202928791322	202.089
38.64	561.239050767153	375.004
38.64	562.241725352053	164.737
38.64	589.236331418836	158.302
38.64	590.243420400558	152.694
38.64	667.268350359364	126.2
38.64	703.067967872903	507.488
38.64	704.061917884356	243.069
38.64	704.811550057411	104.291
38.64	874.998390545552	136.103
38.64	922.009798	397.602
38.64	924.017800821815	103.507
38.64	987.076146017694	2394.37
38.64	988.078703214901	799.983
38.64	989.06600124206	565.849
38.64	1159.01503199249	227.008
38.64	1271.09217591685	825.477
38.64	1272.07252859733	354.8
38.64	1273.09322825501	260.612
38.64	1555.10857173374	486.708
38.64	1556.08579847891	278.089
38.64	1557.09276616043	283.255
38.64	1558.11012409567	109.016
42.36	77.0405734410679	137.69
42.36	107.050104510538	844.969
42.36	108.052155605667	129.2
42.36	135.056681939656	2471.35
42.36	136.056864850146	135.235
42.36	419.061210848903	1460.7
42.36	420.067099078997	363.438
42.36	445.072341043657	267.334
43.08	107.043761048099	105.989
43.08	111.0917	394.001
43.08	123.040747510566	162.989
43.08	135.0525997037	676.102
43.08	136.052131141876	187.963
43.08	419.053916652225	2361.81
43.08	420.060508272848	513.336
43.08	703.067670407953	438
43.08	704.065804103806	129.388
43.08	922.009798	328.556
43.08	923.010112842172	106.125
43.08	987.064798727628	2021.9
43.08	988.068764903256	1300.17
43.08	989.071324799896	528.003
43.08	990.083380014021	421.205
43.08	991.049590383006	115.52
43.08	1154.04301051796	119.48
43.08	1271.06805929268	781.038
43.08	1272.0776177682	391.672
43.08	1273.06459551511	384.723
43.08	1274.097977864	152.481
43.08	1555.0783904394	431.001
43.08	1556.08325853891	323.598
43.08	1557.06461912328	175.306
43.08	1839.07777375227	116.571
46.8	107.048024498245	279
46.8	135.051420774303	1385.38
46.8	136.054789799304	246.464
46.8	419.054929604763	777.88
47.52	111.13879845294	132.041
47.52	111.186761010495	146.558
47.52	135.155960596003	568.63
47.52	419.150021783307	2093.77
47.52	420.15260126123	339.699
47.52	421.159857514625	175.704
47.52	703.098706642491	448.542
47.52	705.098130678686	123.918
47.52	922.009798	270.45
47.52	987.052057640155	1778.46
47.52	988.037127249613	556.606
47.52	989.051961971169	647.807
47.52	990.051519491392	174.604
47.52	1032.0196551793	142.422
47.52	1270.99677177196	484.031
47.52	1272.00120353278	316.006
47.52	1272.97434811746	174.602
47.52	1554.90650045775	279.92
47.52	1555.93386979061	260.9
47.52	1556.90431336168	188.25
49.74	1408.11645541566	103.156
51.24	77.1230996593592	370.383
51.24	107.145662816464	910.137
51.24	134.288236375808	284.884
51.24	135.155655368036	2406.14
51.24	136.155561108999	189.875
51.24	419.148988869131	1299.76
51.24	420.152939907296	224.112
51.96	111.0917	426.47
51.96	123.041912540281	320.125
51.96	135.052789793442	982.017
51.96	136.057403851135	231.057
51.96	419.063282495607	2835.59
51.96	420.063369532764	419.352
51.96	421.063062551234	280.383
51.96	647.314537281422	110.283
51.96	703.077118857413	590.028
51.96	704.077334864025	211.945
51.96	922.009798	305.444
51.96	987.083975232309	2223.44
51.96	988.093267359109	790.552
51.96	989.086568875053	501.985
51.96	990.114673632598	114.042
51.96	991.084467904858	147.579
51.96	997.768980218173	281.135
51.96	1032.0697713281	274.113
51.96	1271.10492997856	1029.35
51.96	1272.1000241933	701.5
51.96	1273.09179160326	323.402
51.96	1274.09019717108	164.006
51.96	1316.08873924072	123.741
51.96	1555.1030852976	736.023
51.96	1556.12618739599	263.189
51.96	1557.10725512311	350.692
51.96	1558.10787982984	109.186
55.68	77.0403199654875	107.333
55.68	107.048602495724	568.375
55.68	108.049562296281	221.144
55.68	135.053324049412	2160.38
55.68	136.057905004104	225.255
55.68	419.061822657659	1444.16
55.68	420.058758418413	170.452
55.68	421.05791288306	103.761
55.68	1220.23793458777	210.567
55.68	1361.25448159672	117.139
56.4	107.051644755617	157.653
56.4	111.047086867246	368.166
56.4	111.0917	387.799
56.4	123.04267629359	324.907
56.4	135.057014260538	1190.88
56.4	136.065401418919	247.778
56.4	419.061231858561	2653.67
56.4	420.067210496425	557.438
56.4	421.078901594552	162.112
56.4	703.070568782677	500.654
56.4	704.06611978798	221.408
56.4	875.009053595896	253.178
56.4	922.009798	311.688
56.4	923.0146066847	143.007
56.4	987.073980782172	1786.73
56.4	988.079928300827	907.572
56.4	989.071205524162	436.853
56.4	990.081577456236	111.007
56.4	1032.06345886625	183.35
56.4	1154.06532182011	187.375
56.4	1155.04336688711	157.98
56.4	1156.06250706828	138.067
56.4	1159.0043081176	425.405
56.4	1160.01695344543	283.778
56.4	1161.02668774008	112.163
56.4	1204.00841078354	140.008
56.4	1271.08394787838	576.915
56.4	1272.08506172315	236.28
56.4	1273.10854820721	176.205
56.4	1274.0993502585	108.371
56.4	1316.06618672118	138
56.4	1555.09869153158	282.002
56.4	1556.08372416299	213.677
56.4	1557.09172613705	162.58
56.4	1558.08081189389	158.006
33.24	77.0409013214849	119.105
33.24	107.050049105776	985.804
33.24	135.0585423411	618.113
33.24	136.061710925914	111.758
33.24	417.172023280985	397.178
33.24	418.167531706255	214.258
33.24	1258.64214111847	275.531
34.32	107.047842268374	167.33
34.32	111.0917	417.445
34.32	123.042516767911	179.595
34.32	135.056133640735	1413.69
34.32	136.057053363597	188.123
34.32	228.097898067464	341.962
34.32	229.104446702911	108.235
34.32	334.139869804379	234.529
34.32	347.143104587259	457.184
34.32	348.130986595117	158.446
34.32	349.15582750198	625.077
34.32	350.154179905296	146.89
34.32	417.164518269144	277.835
34.32	419.061601267575	2220.61
34.32	420.065616323026	346.02
34.32	421.058543306643	131.37
34.32	453.182661310067	377.088
34.32	454.19122542312	136.05
34.32	455.194053442008	1908.62
34.32	456.20193307255	405.988
34.32	559.223337456474	202.678
34.32	560.229493853746	127.51
34.32	561.242298927461	636.719
34.32	562.244824519132	226.285
34.32	590.258198276927	256.045
34.32	605.201375730142	102.112
34.32	667.308668738789	169.759
34.32	703.082997248969	606.203
34.32	704.084138593886	133.324
34.32	771.058429518998	131.477
34.32	875.029714070444	153.773
34.32	922.009798	322.445
34.32	987.089184833283	1637.71
34.32	988.081016492829	599.001
34.32	989.083602423986	670.318
34.32	990.083989575875	139.5
34.32	1032.05157929199	115.391
34.32	1159.02775994828	239.158
34.32	1160.02346518314	245.696
34.32	1271.10714921488	703.405
34.32	1272.09981004446	442.231
34.32	1273.11008213933	283.312
34.32	1511.01022797025	119.25
34.32	1555.11362673674	550.15
34.32	1556.11958410461	312.574
34.32	1557.09240240168	155.029
34.32	1558.12711346801	115.084
38.4	79.053017031892	122.135
38.4	107.047549202124	2734.16
38.4	108.051597576196	291.166
38.4	135.053106312705	1182.73
38.4	750.891032800922	199.25
39.42	111.0917	248.307
39.42	135.035516121489	807.945
39.42	309.015203302895	151.539
39.42	418.778493825472	1821.19
39.42	419.778941957706	440.022
39.42	420.771398074966	240.144
39.42	702.480703234306	720.599
39.42	704.503050421532	115.25
39.42	921.185057925337	117.19
39.42	986.177428167369	2120.57
39.42	987.171218094786	846.005
39.42	988.162496018046	538.45
39.42	989.182111217411	138.073
39.42	990.141918606201	112.042
39.42	1269.85009254304	1400.08
39.42	1270.85317614712	642.086
39.42	1271.86515783132	450.166
39.42	1272.87285567265	165.321
39.42	1314.85105419337	111.208
39.42	1553.54105479798	866.202
39.42	1554.54513255664	560.011
39.42	1555.5287318681	271.18
39.42	1556.52003643348	112.08
43.5	107.049730121844	1164.58
43.5	135.035314597583	567.81
43.5	136.040360075359	173.41
44.52	111.160418082308	140.545
44.52	135.122942911837	452.485
44.52	419.043436072887	1830.67
44.52	420.054753568182	314.183
44.52	421.042507767646	104.94
44.52	702.92507755293	401.025
44.52	703.953051161757	132.125
44.52	704.919713856355	170.133
44.52	921.75532581356	155.136
44.52	986.799708312534	1731.7
44.52	987.80400079276	682.173
44.52	988.808721727383	297.061
44.52	989.786656995006	138.75
44.52	1031.76668634919	125.408
44.52	1270.6693585839	924.029
44.52	1271.67333745596	342.533
44.52	1272.66341768906	224.19
44.52	1273.64214545922	126.564
44.52	1554.51595554799	429.094
44.52	1555.49093762821	210.213
44.52	1556.51818779592	297.75
44.52	1557.49352365579	144.19
44.52	1838.36539288061	118.5
47.04	77.1012692691392	104.223
48.6	77.1040191048178	274.72
48.6	107.117029768316	2441.05
48.6	135.120978752738	1211.61
49.62	107.049920896152	318.673
49.62	111.0917	195.15
49.62	135.059160905115	1463.78
49.62	136.06189215492	220.009
49.62	309.182300287794	152.818
49.62	419.067801983202	3780.7
49.62	420.068433968562	1022.02
49.62	421.058151804638	145.446
49.62	464.053095355034	152.781
49.62	703.071469493746	1100.77
49.62	704.072064816191	343.061
49.62	705.070569197802	215.347
49.62	922.009798	287.796
49.62	987.085016490084	3596.08
49.62	988.08452966556	1580.61
49.62	989.089702822518	955.109
49.62	990.084928857334	256.25
49.62	991.087518334812	106.333
49.62	1032.0714619625	290.415
49.62	1033.07356415492	207.136
49.62	1271.09360669362	1666.34
49.62	1272.10559498623	674.581
49.62	1273.11239648586	517.096
49.62	1274.11523834521	292.132
49.62	1275.08966133111	113.625
49.62	1316.07210162812	142.901
49.62	1317.0817813836	137.336
49.62	1318.07858609161	114.918
49.62	1555.09087629511	882.254
49.62	1556.11378524906	534.087
49.62	1557.1038252826	300.389
49.62	1558.10570790021	151.309
49.62	1601.08058248103	122.787
49.62	1839.14001247292	143.963
49.62	1840.13119855416	121.36
52.14	121.364638702863	250.282
53.7	77.0409829983107	142.347
53.7	92.0283433011367	103.579
53.7	107.052007184006	2194.49
53.7	108.057773115694	268.102
53.7	135.06059840496	1710.29
53.7	136.065757100897	148.675
54.72	107.048538560911	322.766
54.72	111.04393177164	262.778
54.72	111.0917	349.92
54.72	130.702610904005	218.279
54.72	135.054459453619	1532.76
54.72	419.061019050615	2973.24
54.72	420.06217021417	754.063
54.72	421.059584489202	247.758
54.72	703.07159901593	538.041
54.72	704.082067069334	214.221
54.72	875.01385236712	184.323
54.72	922.009798	343.155
54.72	922.994609941081	286.677
54.72	987.078083752521	3171.52
54.72	988.08770177712	1099.38
54.72	989.074812120996	742.804
54.72	990.078190186183	257.441
54.72	1032.07056828927	211.016
54.72	1033.04235313967	150.042
54.72	1154.05299968532	209.721
54.72	1155.07242292657	109.769
54.72	1159.02174701411	546.903
54.72	1160.02474718574	215.205
54.72	1161.02379198719	190.002
54.72	1271.09402010695	1206
54.72	1272.09979717734	510.044
54.72	1273.07280112137	298.787
54.72	1274.06364109896	116.882
54.72	1316.08031410489	112.004
54.72	1317.07492920272	153.157
54.72	1438.07959441177	109.371
54.72	1555.09154810821	626
54.72	1556.08866022588	279.284
54.72	1557.06740701181	166.682
54.72	1558.07074413114	131.429
54.72	1600.08549556906	124.432
54.72	1727.00237489247	100.15
54.72	1839.10191386555	103.027
58.8	107.050261632224	1865.66
58.8	135.057173253573	987.13
59.82	111.044577158769	100.349
59.82	111.0917	233.123
59.82	123.04577535022	315.211
59.82	135.056412676156	935.219
59.82	394.139208419524	232.959
59.82	419.066126093211	2466.97
59.82	420.070525453824	505.016
59.82	421.061530073451	181.125
59.82	507.212171404127	123.524
59.82	703.082984231937	678.24
59.82	704.087737974203	248.059
59.82	705.077212667507	129.02
59.82	743.686035947705	102.125
59.82	875.035211409489	413.032
59.82	877.029617846515	144.787
59.82	919.990659646244	130.471
59.82	922.009798	342.022
59.82	987.094324278597	1891.33
59.82	988.109023573213	642.571
59.82	989.108746513032	597.224
59.82	990.099283498652	107.805
59.82	1024.98009914466	110.848
59.82	1032.06111704889	151.344
59.82	1154.09557850676	488.168
59.82	1155.08806788499	170.882
59.82	1156.09329673417	333.887
59.82	1159.04734964448	1003.95
59.82	1160.03820434131	358.152
59.82	1161.02099679365	325.308
59.82	1204.03359531771	169.073
59.82	1205.01200287534	107.911
59.82	1206.01688762937	106.852
59.82	1271.11098292511	663.625
59.82	1272.11714989727	435.006
59.82	1273.10736995979	266.4
59.82	1317.07455102911	102.265
59.82	1330.99134879894	127
59.82	1438.09840885273	208.053
59.82	1443.00129217102	149.6
59.82	1555.11832999892	445.558
59.82	1556.11643828937	206.2
59.82	1557.08871451271	151.776
59.82	1557.19869583738	101.942
59.82	1839.17827327623	123.281
33.54	417.165778199577	273.619
34.62	111.188038963579	118.109
34.62	417.257281555785	178.402
34.62	418.271529779148	116.909
34.62	922.009798	315.071
38.64	146.884082608229	144.061
38.64	417.266883357891	355.68
39.72	111.0917	184.012
39.72	283.128523163135	275.237
39.72	309.190182189743	116.883
39.72	417.165918819564	1384.51
39.72	418.173810244372	232.375
39.72	922.009798	417.51
42.24	526.138002778904	263.044
43.74	107.050193252427	377.405
43.74	135.055241424964	851.115
43.74	417.158555850344	222.276
43.74	419.064091670365	360.582
43.74	419.786528585607	178.526
43.74	1409.77911698133	262.139
44.82	107.04700591843	145.796
44.82	111.0917	552.69
44.82	123.04137885292	142.857
44.82	124.04292876088	138.013
44.82	135.053895111643	1135
44.82	136.051921724782	108.245
44.82	228.098442123202	127.045
44.82	347.138929437793	402.125
44.82	348.133234955091	133.938
44.82	349.151032550554	399.546
44.82	417.171893527139	116.09
44.82	419.061471594427	2988.97
44.82	420.056635719676	519.533
44.82	421.055961400371	183.941
44.82	453.169329932125	178.696
44.82	455.189986465199	419.074
44.82	456.184000237399	171.297
44.82	561.240919431185	198.802
44.82	703.069263310476	676.021
44.82	704.066265358202	237.074
44.82	705.060404145386	163.779
44.82	922.009798	256.335
44.82	923.02074798365	131.013
44.82	987.086705198093	2961.04
44.82	988.091376609793	1064.51
44.82	989.082331543024	490.389
44.82	990.094973674037	253.4
44.82	1154.07741324	184.142
44.82	1159.01700173755	125.446
44.82	1160.01953722591	133.846
44.82	1161.02684860226	102.571
44.82	1271.10220737477	1023.16
44.82	1272.0866591852	620.52
44.82	1273.09520994771	395.333
44.82	1555.11336146888	982.139
44.82	1556.07903387848	421.125
44.82	1557.09033371926	262.184
44.82	1558.11283979542	117.166
44.82	1559.08569360389	106.782
44.82	1839.11791415607	158.007
44.82	1840.12474382281	156.039
44.82	1841.10161546649	106.016
47.34	72.0155029131175	257.922
47.34	117.523581387787	268.625
47.34	177.90108398174	283.628
47.34	1705.06691866241	216.745
48.84	107.048094608123	653.111
48.84	135.05575958955	1517.56
48.84	419.056054458792	783.004
48.84	420.073441897011	262.149
48.84	1054.76350804661	236.538
49.92	96.06210825431	105.002
49.92	111.0917	207.736
49.92	135.056749248804	755.314
49.92	419.067500999526	2026.73
49.92	420.068280502366	514.903
49.92	421.058283656016	163.681
49.92	703.071748502917	487.89
49.92	704.08492435228	132.207
49.92	922.001891700184	190.684
49.92	922.069264257976	105.125
49.92	987.09377516474	1529.63
49.92	988.101863001882	883.824
49.92	989.079726134706	463.202
49.92	1271.11031552432	1073.23
49.92	1272.10693094734	434.568
49.92	1273.10720129682	494.397
49.92	1316.1058446173	114.098
49.92	1555.11158760408	481.064
49.92	1556.11033588155	461.687
49.92	1557.10779697175	306.838
49.92	1558.12049425952	146.087
49.92	1839.13488044834	190.375
53.94	107.048005194551	181.44
53.94	135.055371781109	780.459
53.94	419.066106400934	313.036
55.02	107.047341903847	153.782
55.02	111.0917	313.934
55.02	123.038738647621	111.923
55.02	135.055595574803	769.175
55.02	308.194621496345	120.199
55.02	419.064576631702	1471.87
55.02	420.065618715359	426.007
55.02	421.068318009778	101
55.02	703.082172802252	438.051
55.02	922.009798	216.069
55.02	923.009232571701	184.774
55.02	987.082516498711	1771.64
55.02	987.3363773841	128.286
55.02	988.091846041723	556.792
55.02	989.089429774053	510.102
55.02	990.105492387952	145.901
55.02	1271.09656492949	804.637
55.02	1272.10887357979	376.838
55.02	1273.10234085457	194.779
55.02	1274.08306956924	155.469
55.02	1555.09934289192	659.799
55.02	1556.11148443473	339.391
55.02	1557.08954716955	286.654
55.02	1558.11650245108	173.036
55.02	1839.11377480601	184.309
59.04	107.049915965717	538.638
59.04	135.053618050286	2472.48
59.04	136.054541807531	103.449
59.04	419.0648500086	753.613
59.04	420.064634691894	271.268
33.3	77.0383802707757	226.625
33.3	107.048527976102	1077.45
33.3	108.048696167965	133.018
33.3	135.053085687358	158.923
34.38	107.048890012871	226.226
34.38	111.0917	430.042
34.38	112.090692527908	112.03
34.38	135.036564055955	1313.09
34.38	346.931551332446	373.889
34.38	347.923047373911	150.055
34.38	348.940651899663	123.125
34.38	418.783430125353	2521.74
34.38	419.784289719906	570.414
34.38	420.780900633417	182.769
34.38	452.867795809436	115.174
34.38	454.87633244041	345.298
34.38	558.804408051139	139.395
34.38	560.816191451573	201.533
34.38	702.489690310501	833.6
34.38	703.497762953892	177.679
34.38	921.162918495365	135.445
34.38	922.181407795878	107.643
34.38	986.190002497381	3209.82
34.38	987.186790067514	1124.03
34.38	988.187276860803	521.66
34.38	989.171674938028	170.13
34.38	990.200543381852	152.509
34.38	1032.12129882622	170.135
34.38	1033.11790569646	123.121
34.38	1152.97437182536	248.224
34.38	1157.92133578687	171.26
34.38	1158.92292647244	105.735
34.38	1269.88402920592	1262.08
34.38	1270.89179384711	461.391
34.38	1271.88729440586	386.302
34.38	1272.86176434216	123.336
34.38	1324.69468850601	109.727
34.38	1553.55795131061	621.5
34.38	1554.54448437742	462.149
34.38	1555.51704962168	234.036
34.38	1556.55678586863	185.556
34.38	1837.23314939768	110.19
34.38	1839.24863058135	152.84
38.4	77.0600070598826	290.092
38.4	107.05232427009	1192.05
38.4	135.038983108617	144.114
38.4	447.626691256069	222.184
39.48	111.0917	335.78
39.48	135.038352223427	549.441
39.48	418.793935070282	1228.13
39.48	702.506002478871	597.319
39.48	703.477570187892	151.728
39.48	921.210691416936	106.157
39.48	986.211289011871	1328.47
39.48	987.211685605239	643.684
39.48	988.204494575598	435.679
39.48	989.197862702062	113.036
39.48	1269.89230074089	776.295
39.48	1270.89627934463	291.6
39.48	1271.89038829839	252.56
39.48	1272.88940902674	138.694
39.48	1553.58841366743	525.155
39.48	1554.55438270217	274.278
39.48	1555.58660561033	257
39.48	1556.57902391224	147.191
39.48	1837.28228056858	113.5
39.48	1838.27874353688	129.891
43.5	107.053377011873	642.735
43.5	135.038434511479	205.88
44.58	111.0917	248.28
44.58	135.041687565914	458.766
44.58	418.79362468628	1634.48
44.58	419.78229856171	212.649
44.58	702.513453583494	394.178
44.58	809.897362368155	105.853
44.58	986.222113971258	1462.45
44.58	987.222575279778	687.383
44.58	988.233741573593	310.44
44.58	989.216456404293	161
44.58	1269.91821115295	616.819
44.58	1270.91370015026	431.454
44.58	1271.89848349194	204.529
44.58	1272.97205836991	140.901
44.58	1553.6061650274	457.787
44.58	1554.59686934134	198.143
44.58	1555.58550791784	126.545
44.58	1556.59764410921	134.532
48.6	63.0544972419554	106.115
48.6	77.0617424279241	427.269
48.6	92.0421290486128	128.009
48.6	107.054127104296	1594.82
48.6	108.054735359888	102.917
49.68	107.05349432648	167.1
49.68	111.0917	378.451
49.68	123.031791391451	139.223
49.68	135.036732400353	1137.24
49.68	418.786895595551	3495.78
49.68	419.78426000102	790.752
49.68	420.784119408917	225.706
49.68	702.495953152278	628.059
49.68	703.502137739034	336.209
49.68	704.496058743161	267.891
49.68	779.925441582288	101.838
49.68	876.244764662203	120.17
49.68	986.194021561755	3320.3
49.68	987.193037409716	1588.72
49.68	988.199882809379	538.97
49.68	989.211896652343	134.482
49.68	1031.12434934064	324.926
49.68	1152.96807744055	143.043
49.68	1157.92545267748	241.219
49.68	1269.8778196759	1233.18
49.68	1270.86500477437	917.747
49.68	1271.87149598155	449.551
49.68	1272.86909599626	161.125
49.68	1289.8360731583	111.483
49.68	1314.82257049065	116.286
49.68	1315.78715066586	101.337
49.68	1553.5605269614	811.44
49.68	1554.56479353306	615.408
49.68	1555.55494564333	437.259
49.68	1556.56016861017	250.547
49.68	1598.49398708837	142.938
49.68	1837.25237805067	172.625
49.68	1837.38452436057	104.481
49.68	1838.23511565365	155.333
53.7	77.0587608575608	335.125
53.7	78.0594875585943	112.601
53.7	92.0349443201873	165.314
53.7	107.051405351052	1979.13
53.7	135.039023709794	383.915
54.78	111.0917	180.593
54.78	135.031076638823	478.391
54.78	418.770868642641	2429.9
54.78	419.776699170728	627.586
54.78	594.081789629784	126.339
54.78	702.473533311404	456.375
54.78	703.475065955833	120.225
54.78	704.463753193123	112.509
54.78	986.16074090302	2266.51
54.78	987.159655355711	1187.71
54.78	988.151721776781	650.806
54.78	989.176713462686	226.663
54.78	1031.09097973918	213.688
54.78	1032.06377832315	120.512
54.78	1152.96742249669	235.649
54.78	1153.96750470295	139.333
54.78	1157.90651260525	359.183
54.78	1269.83442482403	929.323
54.78	1270.8412474126	510.907
54.78	1271.83741524073	206.36
54.78	1314.78698971118	103.882
54.78	1553.49819852887	533.003
54.78	1554.50979894932	430.037
54.78	1555.48758157641	197.283
54.78	1555.5825679718	127.409
54.78	1556.48762170188	138.674
54.78	1837.17711263952	146.02
58.8	77.0594697572957	173.564
58.8	107.047439804442	1021.24
58.8	135.031606823583	153.939
59.88	112.161713646396	150.818
59.88	135.121536815449	916.989
59.88	419.044699849263	1887.38
59.88	420.046834120149	228.544
59.88	421.029977002007	167.116
59.88	493.443169203392	145.918
59.88	702.931921024417	472.508
59.88	754.444479187133	111.987
59.88	846.571067846499	109.52
59.88	874.782284620908	237.811
59.88	893.446578467754	141.027
59.88	921.750389078295	121.028
59.88	986.802851726531	1485.92
59.88	987.80679532312	683.457
59.88	988.810295481907	555.943
59.88	989.779839857636	168.265
59.88	989.839860957884	123.891
59.88	990.806186759257	100.071
59.88	1031.74505805499	103.235
59.88	1153.69908498949	507.138
59.88	1154.71562853913	298.571
59.88	1155.7093779735	117.463
59.88	1158.65753588769	439.67
59.88	1159.64897518256	207.422
59.88	1160.63224365815	107.26
59.88	1203.60547057226	121.92
59.88	1270.66692717609	735.092
59.88	1271.65736729186	581.417
59.88	1272.6667535585	238.357
59.88	1273.67332424611	127.16
59.88	1438.53018920026	125
59.88	1554.51845304918	394.305
59.88	1555.50394155138	258.455
59.88	1556.52066627498	210.4
59.88	1557.5216520237	117.118
59.88	1839.36371746315	102.579
33.42	77.0406648381847	791.783
33.42	79.0544622517692	118.723
33.42	92.0266140997865	176.878
33.42	107.051984069937	672.475
33.42	436.98040271171	229.125
34.5	111.045916755701	104.036
34.5	111.0917	473.868
34.5	135.057381041012	573.961
34.5	148.071830190138	102.272
34.5	228.104967413196	121.04
34.5	349.155447212204	295.154
34.5	389.170392737511	118.76
34.5	417.166376777302	2047.35
34.5	418.171337496968	683.281
34.5	419.060622712766	682.016
34.5	523.213745121853	206.017
34.5	524.214713774703	212.227
34.5	536.191368200383	142.898
34.5	843.714651174424	105.247
34.5	922.009798	237.321
34.5	923.010032832759	115.036
34.5	987.08757869046	258.002
34.5	988.083797007369	123.383
34.5	989.075682388863	135.737
34.5	1025.38429305503	112.613
34.5	1206.80873238155	133.285
34.5	1271.08113773044	227.258
34.5	1272.08705855635	178.019
34.5	1273.09932453115	105.025
34.5	1557.09263627642	136.599
38.52	77.0401131116549	1678.24
38.52	78.0421948517465	147.131
38.52	79.0560411273163	270.47
38.52	92.0269689708105	639.731
38.52	107.049933723109	876.569
38.52	108.051923493593	274.203
39.6	107.04834839825	183.021
39.6	111.0917	245.208
39.6	123.043911276769	343.229
39.6	135.053821997871	1013.96
39.6	419.061584939227	3978.42
39.6	420.0704994045	683.276
39.6	421.061669312081	279.824
39.6	464.062085474992	168
39.6	703.078570958283	1145.54
39.6	704.074970889234	358.02
39.6	705.073167080803	183.034
39.6	792.598877561524	102.055
39.6	922.009798	266.333
39.6	987.092174070304	3416.17
39.6	988.090505945609	1218.26
39.6	989.085372529335	990.855
39.6	990.078026239077	193.164
39.6	1032.05169227809	160.761
39.6	1032.12265426634	116.347
39.6	1271.10462361588	1204.11
39.6	1272.09983669048	1061.14
39.6	1273.10376953682	487.001
39.6	1274.08041814332	173.143
39.6	1275.07917954804	121.888
39.6	1555.12009241554	805.776
39.6	1556.11325948704	389.121
39.6	1557.12468106136	473.493
39.6	1558.13252899183	282.375
39.6	1839.13001742511	131.667
43.62	77.0374880552694	1011.69
43.62	78.0397534044577	102.682
43.62	92.024054550744	296.38
43.62	107.045161034307	474.671
44.7	112.190292559168	116.25
44.7	135.156057456124	585.943
44.7	136.157408451695	110.901
44.7	419.153589797791	1454.13
44.7	420.156644301753	395.41
44.7	703.114454580484	312.721
44.7	704.107105726834	150.062
44.7	922.009798	353.574
44.7	987.050306264685	1853.51
44.7	988.067655548721	818.144
44.7	989.058209556658	272.439
44.7	990.08494421702	158.007
44.7	1270.98414711347	727.438
44.7	1272.00778135898	358.184
44.7	1272.98428483847	228.96
44.7	1315.9351215077	115.893
44.7	1554.90146354762	318.923
44.7	1555.90694084513	363.496
44.7	1556.88386700126	176.289
44.7	1839.82133060235	122.838
48.72	64.1134213659545	176.729
48.72	77.1274606458964	1418.92
48.72	78.1285434933663	176.329
48.72	79.1407379325804	237.233
48.72	92.1169259627158	605.785
48.72	107.144927211303	857.021
49.8	111.038605656371	149.072
49.8	111.0917	515.844
49.8	123.044245847023	122.837
49.8	135.053727770662	1610.13
49.8	136.057793481971	127.078
49.8	419.055871259286	4194.88
49.8	420.058921167476	751.753
49.8	421.059816493944	216.864
49.8	703.072887486796	652.062
49.8	704.063667358172	322.337
49.8	705.076312022324	125.815
49.8	922.009798	301.397
49.8	923.014450596257	129.08
49.8	987.076969012044	3310.12
49.8	988.088012734126	1287
49.8	989.078631042635	622.36
49.8	990.065361792964	438
49.8	1032.05396333025	406.234
49.8	1033.0651977936	123.641
49.8	1034.06635953067	109.289
49.8	1271.08979073456	1165.28
49.8	1272.07220891386	763.131
49.8	1273.07353377195	476.758
49.8	1274.09742530938	131.347
49.8	1316.06390937914	224.653
49.8	1317.06596151195	121.042
49.8	1320.04939890308	105.174
49.8	1555.08818327609	973.954
49.8	1556.07958420001	569.048
49.8	1557.10485083156	491.711
49.8	1558.0807896364	108.021
49.8	1600.08026299422	108.173
49.8	1839.12191854887	159.009
53.82	77.0376242394818	1834.11
53.82	79.055205554873	189.784
53.82	92.0258029375075	400.36
53.82	107.047903534698	758.937
53.82	108.05485398882	122.737
54.9	107.045829202795	146.383
54.9	111.046686931556	104.688
54.9	111.0917	159.241
54.9	123.042582008135	293.342
54.9	135.053259291358	1477.18
54.9	419.061561346984	2959.15
54.9	420.061792859598	611.449
54.9	421.053600641935	113.557
54.9	703.068051641305	639.269
54.9	704.074325812359	213.098
54.9	705.079912358688	173.003
54.9	875.030151759739	274.397
54.9	922.009798	347.57
54.9	923.016485726559	112.688
54.9	987.080089752292	2309.3
54.9	988.091844907165	868.361
54.9	989.086097094119	427.034
54.9	990.118284171999	198.58
54.9	991.068887766855	116.067
54.9	1032.08063597162	345.608
54.9	1154.07438011135	280.005
54.9	1155.07755663219	132.284
54.9	1159.02342463012	682.445
54.9	1160.03207321797	207.021
54.9	1161.0457313405	164.81
54.9	1162.03225021767	111.056
54.9	1271.0930676814	962.877
54.9	1272.09449423502	573.664
54.9	1273.11328486692	228.119
54.9	1274.10167875845	134.758
54.9	1275.12131020489	115.014
54.9	1555.09442801466	751.637
54.9	1556.11636143884	339.064
54.9	1557.1030992954	281.723
54.9	1558.11470640926	108.75
54.9	1839.11273130234	146.462
58.92	63.0186519354867	102.215
58.92	77.0374218328747	738.059
58.92	92.0216038315714	459.102
58.92	93.0312276891374	110.04
58.92	97.4526215231416	110.116
58.92	107.048780089656	621.417
58.92	1185.51383574008	264.02
