#SEC	MZ	INT
34.32	77.0597409988466	393.724
34.32	105.047727491445	147.018
34.32	111.0917	263.952
34.32	223.014522398381	127.243
34.32	256.991279326492	156.189
34.32	298.976017979079	114.386
34.32	326.949607069951	961.8
34.32	402.909286859015	107.635
36.84	77.0593692227128	1684.51
36.84	105.050238620868	273.299
36.84	111.091015973158	356.129
38.4	77.0590695917384	202.801
38.4	105.046833641992	628.477
38.4	371.89103839337	110.5
39.42	77.0617907211491	1981.04
39.42	78.0648348247672	123.779
39.42	105.052400657936	1717.67
39.42	107.054512846371	101.337
39.42	111.0917	236.075
39.42	135.043785593	198.344
39.42	153.043744257284	205.907
39.42	181.028356434204	158.774
39.42	186.018804883931	115.971
39.42	256.994254880982	3097.03
39.42	257.993613505801	445.093
39.42	302.880159697692	319.173
39.42	332.955160358168	1841.38
39.42	333.95872132052	345.32
39.42	334.965903516288	182.331
39.42	358.835446016388	333.837
39.42	408.914876135968	585.163
39.42	409.910955528254	182.717
39.42	410.935523505368	177.043
39.42	484.870955299729	269.985
39.42	485.86581051145	175.972
39.42	560.816082897069	196.6
39.42	612.576157433047	120.125
39.42	866.308430553394	173.24
39.42	1120.03350104263	115.243
39.42	1373.74731539463	215.844
39.42	1627.46617749274	370.4
39.42	1628.4563220624	167.658
39.42	1629.44510672968	107.893
39.42	1630.46162255338	108.023
41.94	77.0620435451185	3403.74
41.94	78.0653293466146	191.727
41.94	105.052400831889	870.082
41.94	111.095231998911	283.451
43.5	77.062912044726	551
43.5	105.052678479718	592.01
43.5	358.828452192208	180.681
44.52	51.054123241453	111.682
44.52	77.058219965557	2845.98
44.52	78.0597142048549	172.522
44.52	105.047317323399	1545.19
44.52	106.048420946661	365.938
44.52	107.04995902538	117.306
44.52	111.0917	459.005
44.52	115.048820563519	123.333
44.52	135.036796860932	194.001
44.52	153.033112451311	274.029
44.52	168.030421220663	122.654
44.52	186.009974049637	198.375
44.52	229.009251666103	103.19
44.52	302.859869212452	423.581
44.52	303.876308400893	111.405
44.52	358.816425563517	633.893
44.52	359.826787722423	178.042
44.52	612.543275052978	154.471
44.52	868.243279811271	114.24
44.52	882.57683973165	101.04
44.52	1119.95327868697	137.923
44.52	1122.00619336424	134.857
44.52	1373.67688617826	176.822
44.52	1627.36193784547	343.674
44.52	1628.37359672097	309.302
44.52	1629.37608960462	229.531
44.52	1881.09138155775	167.025
47.04	77.0579235614068	4185.27
47.04	77.1330336152274	106.322
47.04	78.0610178167402	249.403
47.04	105.04674848155	973.619
47.04	111.091292321917	400.107
47.04	1996.30031283377	165.335
48.6	77.0580330917997	446.947
48.6	105.048837878241	681.383
48.6	358.820707955624	222.094
49.62	77.0607751927269	3433.54
49.62	78.0619254983108	438.127
49.62	105.049109318217	1760.66
49.62	107.054217787301	294.93
49.62	111.0917	287.205
49.62	135.036787353721	346.805
49.62	153.039542662828	187.556
49.62	225.969218524774	115.017
49.62	302.868466944628	349.34
49.62	358.832994211193	320.052
49.62	359.824578341365	282.894
49.62	612.574905360471	146.682
49.62	784.300857913142	115.158
49.62	866.284492116045	374.878
49.62	1120.01982660162	223.292
49.62	1121.00722001115	158.136
49.62	1121.99925829468	127.58
49.62	1373.69771864604	200.205
49.62	1375.70378772259	103.583
49.62	1627.42023320188	548.837
49.62	1628.42571618023	189.918
49.62	1629.40784644624	312.644
49.62	1630.40084666825	241.143
49.62	1881.14639934589	108.735
52.14	77.0597081723954	3148.57
52.14	78.0663643453347	110.76
52.14	105.050802979097	470.593
52.14	111.092955385791	305.637
53.7	77.0589167438472	388.299
53.7	82.3274355026311	261.025
53.7	105.048950541815	399.5
54.72	77.1070910350962	1349.31
54.72	78.1119934981869	213.001
54.72	105.112329544473	584.781
54.72	106.111501514925	104.756
54.72	147.800664562558	135.002
54.72	309.204456030952	120.125
54.72	359.040449480047	398.253
54.72	360.030336535304	137.226
54.72	612.932476849225	175.042
54.72	1374.55360510543	104.014
57.24	77.1071915153377	1042.66
57.24	105.113506801332	282.102
57.24	1047.04970862964	133.88
59.82	77.108130835871	870.007
59.82	105.11104977243	239.208
59.82	111.160822648652	105.408
33.06	105.04899026434	251.031
33.06	1542.9562361452	111.531
34.08	77.0622461379531	1759.33
34.08	105.049776827623	658.56
34.08	111.0917	617.222
34.08	153.037563206726	240.147
34.08	204.01157152364	190.116
34.08	256.994818052103	1871.98
34.08	257.996379411296	395.735
34.08	258.990301652456	134.463
34.08	309.019242674163	128.222
34.08	326.958149220698	674.616
34.08	327.96945364485	167.119
34.08	332.952642893317	798.761
34.08	333.95849175833	274.242
34.08	358.828671466237	281.375
34.08	408.903044791856	355.045
34.08	457.921395502788	120.232
34.08	484.850086180556	150.694
34.08	486.871316660264	124.2
34.08	560.812103504607	159.84
34.08	866.288470864407	133.905
34.08	1627.44845956394	112.25
36.6	77.0604159401685	4035.03
36.6	77.1356587984297	113.142
36.6	78.0627860112115	323.275
36.6	105.050697166908	598.537
36.6	106.055244362597	147.94
36.6	111.092963574808	1335.84
36.6	112.096771981914	166.188
36.6	1707.44942089269	279.628
38.16	77.0610323420419	968.61
38.16	105.048892759403	921.334
38.16	358.826946459534	237.117
39.18	77.0613614684673	2590.57
39.18	105.050923044258	1709.34
39.18	107.053168863486	116.125
39.18	111.0917	711.021
39.18	135.043943979056	119.081
39.18	141.05029494791	100.92
39.18	152.034400721805	133.24
39.18	153.041874797673	179.008
39.18	179.008976023969	119.281
39.18	186.010671509964	121.049
39.18	205.215176761193	152.306
39.18	230.000282923356	111.735
39.18	302.876710839493	254.796
39.18	308.022768979305	108.111
39.18	309.020608271599	114.213
39.18	319.969990766063	106.432
39.18	358.829797114252	590.949
39.18	359.827015145378	186.064
39.18	612.557578560999	126.778
39.18	866.299699320814	310.386
39.18	1120.00759477728	171.098
39.18	1373.72023190215	287.174
39.18	1627.44560203243	545.556
39.18	1628.4312524363	235.815
39.18	1629.41687617237	231.681
41.7	77.0605543326035	4806.44
41.7	77.1359421374412	168.438
41.7	78.0639863188185	314.731
41.7	105.051329578767	604.042
41.7	106.056461106908	117.082
41.7	111.042007916066	123.818
41.7	111.092899818411	835.809
43.26	77.0610638959157	557.039
43.26	105.051406528214	1155.24
43.26	106.053967335228	102.375
43.26	358.833436198299	108.223
43.26	528.536713229135	128.776
44.28	77.0587365227457	3693.28
44.28	78.0616021835088	243.27
44.28	105.047581079225	1852
44.28	107.046463858582	115.446
44.28	111.0917	648.037
44.28	135.036945072706	221.001
44.28	136.027397331148	111.712
44.28	152.025437911177	116.431
44.28	153.036627152674	335.045
44.28	171.026500589378	108.225
44.28	186.004589990198	154.75
44.28	194.8551689527	105.573
44.28	302.863454782956	275.045
44.28	303.870349057118	129.337
44.28	309.015674725136	136.469
44.28	358.819627450076	830.744
44.28	359.817101646826	227.736
44.28	689.519129744059	112.018
44.28	866.268596687495	410.038
44.28	867.257563963149	182.477
44.28	1119.97054241178	172.635
44.28	1373.66490499179	224.111
44.28	1374.68568128824	163.574
44.28	1375.67261006946	101.023
44.28	1627.37720557478	630.388
44.28	1628.39070567626	449.225
44.28	1629.37994312818	314.227
44.28	1630.38574412596	225.482
46.8	77.0585780530297	3582.73
46.8	77.1323959314698	100.906
46.8	78.0591250057112	450.364
46.8	105.046344067243	903.698
46.8	111.089867825714	927.014
46.8	115.048727840797	134.602
48.36	77.0586212859687	725.1
48.36	105.048125682147	873.443
48.36	358.816788097218	109.402
48.36	366.797571990415	102.56
49.38	77.0595128230281	3190.88
49.38	78.0608927408803	156.022
49.38	105.04770714558	1418.95
49.38	107.052730411336	230.593
49.38	111.0917	815.837
49.38	153.040997861645	261.034
49.38	154.046622952444	102.471
49.38	167.03098269639	173.291
49.38	168.009998958215	117.776
49.38	169.022764818535	124.322
49.38	230.00681130526	138.945
49.38	232.988534384128	146.316
49.38	256.982172586496	148.047
49.38	302.8618121201	122.471
49.38	346.893326620233	142.9
49.38	358.822153268349	564.323
49.38	359.825526425094	168.355
49.38	436.768408201011	103.696
49.38	612.549645733545	161.443
49.38	866.268379076829	238.275
49.38	1120.00201304608	100.005
49.38	1373.66877250566	173
49.38	1375.68641685022	155.494
49.38	1540.47546618352	117.904
49.38	1542.49271074859	147.563
49.38	1627.40996699678	373.227
49.38	1628.41484745049	212.113
49.38	1629.38677938486	125.779
51.9	77.0596571557676	2354.67
51.9	77.133873733078	110.042
51.9	105.048039250704	411.723
51.9	111.089979695373	896.496
51.9	112.094088123991	100.386
53.46	77.0615080033427	394.424
53.46	105.048184280787	270.681
54.48	77.0617294601651	1240.38
54.48	105.052978568182	428.741
54.48	111.0917	904.875
54.48	112.094561229069	225.893
54.48	296.985631457679	122.103
54.48	298.970053552307	116.926
54.48	358.82881034702	138.033
57	77.0614104993926	734
57	105.04966220565	154.506
57	111.093126961927	546.515
58.56	77.0604521479703	231.959
59.58	74.117400712694	156.408
59.58	77.0608857771293	719.058
59.58	105.049230112744	105.018
59.58	106.054005230848	142.408
59.58	111.0917	632.877
59.58	358.838588823541	103.25
34.26	77.0583980031883	1661.88
34.26	105.047860740968	793.736
34.26	111.0917	265.038
34.26	326.943789714927	729.225
34.26	327.946216778083	103.735
34.26	358.821385008029	304.244
34.26	402.903228531906	176.255
34.26	866.300756565488	156.042
34.26	867.260239603503	167.402
34.26	1119.99297000038	140
34.26	1373.6693375385	109.002
34.26	1627.40304069693	107.625
34.26	1628.39594737051	166.286
36.78	77.0587953961847	2033.56
36.78	105.045691175137	450.284
36.78	111.091478440282	207.789
36.78	1637.33871996098	106.507
38.34	77.0584525429302	650.787
38.34	105.046794337758	655.876
38.34	358.816010665397	142.061
39.36	77.0620946606642	3269.68
39.36	78.0628101718818	155.281
39.36	105.052301769361	1267.47
39.36	106.052482902857	186.344
39.36	107.054377572464	184.026
39.36	111.0917	378.277
39.36	152.035577563554	301.844
39.36	153.041412059548	219.039
39.36	179.030010518433	107.139
39.36	256.994238126484	3216.27
39.36	257.996672080328	628.272
39.36	259.008111825318	116.782
39.36	302.878562730347	393.559
39.36	303.865838558411	113.391
39.36	332.954800875782	1444.75
39.36	333.956777342767	395.865
39.36	358.836455574226	546.09
39.36	359.827638054886	190.245
39.36	366.651544656121	139.516
39.36	375.891501220335	112.26
39.36	408.922119071719	590.507
39.36	409.914520994222	249.023
39.36	473.06617020567	104.667
39.36	484.876331321111	331.791
39.36	485.869509437783	224.446
39.36	486.874589248966	202.921
39.36	538.426647840704	106.165
39.36	554.391866520554	108.335
39.36	560.81915886707	235.002
39.36	561.82054109942	200.894
39.36	612.567984901153	111.083
39.36	637.776238061081	169.649
39.36	638.801864244853	105.625
39.36	712.727587134033	173.073
39.36	866.30934977531	376
39.36	867.331110180813	154.012
39.36	1038.06773336925	131.2
39.36	1120.02076649315	223.5
39.36	1121.04513521031	125
39.36	1373.74944629433	361.123
39.36	1627.45748471956	647.764
39.36	1628.46747061091	337.121
39.36	1629.46566362124	463.175
39.36	1630.43677695925	252.806
39.36	1631.44029729041	228.463
41.88	51.0587403419878	113.88
41.88	77.0622817066015	2843.31
41.88	105.053965405006	761.196
41.88	112.102038349637	101.614
43.44	77.0617113185137	770.862
43.44	105.052000652494	676.198
43.44	358.831463832471	144.214
44.46	77.0609289454662	2982.66
44.46	78.0644839170058	289.191
44.46	105.04930168257	1456.94
44.46	106.048485720876	175.76
44.46	107.052475730685	146.157
44.46	111.0917	238.42
44.46	135.037354072505	120.286
44.46	136.040353354849	101.461
44.46	153.041840574346	281.379
44.46	165.031662636929	124.07
44.46	186.013564123512	312.571
44.46	228.998764032792	105.191
44.46	302.875005456038	349.141
44.46	358.825856525493	583.5
44.46	359.833797392622	263.213
44.46	612.576422216111	188.014
44.46	866.289803599071	268
44.46	1373.6952141055	120.257
44.46	1374.73168994062	157.371
44.46	1627.42742796582	369
44.46	1628.41267047357	186.681
44.46	1629.4019537626	324.516
46.98	77.0608174887177	4117.23
46.98	77.136062713776	128.075
46.98	78.0638722638582	325.694
46.98	105.049646366682	638.72
46.98	106.051064868728	157.431
46.98	111.091150242623	364.461
48.54	77.0614555738346	862.001
48.54	105.049466257785	1429.7
48.54	358.825250359451	228.315
48.54	753.325795715902	262.813
49.56	51.0543339528683	106.306
49.56	77.061219220039	2865.29
49.56	78.0654923066652	248.001
49.56	105.050262587758	1907.55
49.56	107.057487262381	247.78
49.56	111.0917	201.681
49.56	122.024043338178	126.593
49.56	152.0422798806	141.184
49.56	153.045202603936	100.675
49.56	302.881322754375	218.896
49.56	303.871743166294	104.604
49.56	358.829186145219	369.092
49.56	784.337253045565	108.583
49.56	866.299424326276	247.255
49.56	1120.01000839655	177.714
49.56	1373.73904327095	190.705
49.56	1374.72976307059	121.58
49.56	1627.45099946487	348.382
49.56	1628.43357956875	227.064
49.56	1629.45764696811	275.306
49.56	1630.44047756298	106.444
52.08	54.7410161342304	109.76
52.08	77.0611707520328	2756.45
52.08	78.0617057683759	223.722
52.08	105.051371775809	1297.05
52.08	106.046859250191	116.654
52.08	111.092789995402	359.477
52.08	1001.55899071947	267.935
53.64	77.061126905278	335.582
53.64	105.051636680348	597.372
54.66	77.1074170872153	975.597
54.66	78.1117733110532	254.053
54.66	105.113903605382	831.141
54.66	107.117436084686	288.898
54.66	111.161369198633	118.612
54.66	135.121756235183	136.511
54.66	303.051271838234	110.904
54.66	359.055110524822	134.054
57.24	77.1072687530787	833.048
57.24	105.110883609557	211.68
57.24	111.161035389759	279.801
58.74	77.105844894877	108.172
58.74	105.111302842301	166.125
59.76	74.1194944706412	153.174
59.76	77.0605536424487	688.165
59.76	105.047955606507	226.234
59.76	111.0917	171.992
59.76	258.002305159905	109.033
33.24	77.0592105150506	644.227
34.26	77.0593764806578	2592.63
34.26	78.0628911077928	324.464
34.26	105.048372892484	1693.04
34.26	107.048569698615	137.38
34.26	111.0917	720.309
34.26	112.096026990805	104.544
34.26	121.048380655943	114.674
34.26	152.03389021419	146.306
34.26	153.042419530111	126.356
34.26	227.996517103756	141.961
34.26	256.989079757611	4068.88
34.26	257.120940890875	109.653
34.26	257.98568491433	806.235
34.26	259.006735106408	101.138
34.26	302.87232169243	117.064
34.26	303.863928196133	119.634
34.26	332.946347892749	1533.3
34.26	333.950825064234	466.027
34.26	334.957532062657	136.012
34.26	358.825814844603	682.895
34.26	359.831512185486	164.481
34.26	408.907150589016	936.13
34.26	409.905070806041	428.025
34.26	410.915300617347	247.164
34.26	484.863806054455	558.762
34.26	485.858116374593	209.509
34.26	560.806081759696	324.144
34.26	561.812985517019	122.723
34.26	562.823956132456	181.406
34.26	612.552943716603	100.173
34.26	636.755782263204	162.56
34.26	638.744464094794	107.004
34.26	639.782778151995	114.598
34.26	784.324474441839	125.5
34.26	866.284924711756	384.333
34.26	867.285985719895	120.524
34.26	1038.05825979996	111.087
34.26	1085.59726871066	110.225
34.26	1120.00517468898	146.779
34.26	1121.01584929462	211.964
34.26	1373.72287954284	269.19
34.26	1374.73113223821	150.19
34.26	1375.70433557958	166.084
34.26	1545.4643728441	100.414
34.26	1627.40756373075	744.082
34.26	1628.41768983485	323.122
34.26	1629.42294800233	352.898
34.26	1630.40286748774	166.483
36.78	51.0563174778525	215.929
36.78	77.0599275763595	5654.62
36.78	77.1345884636011	174.538
36.78	78.0624334879397	486.945
36.78	83.0747416120814	112.787
36.78	111.093591269121	730.745
38.34	77.0596171720862	1368.43
38.34	78.0582845878652	124.048
38.34	105.049130212192	413.726
39.36	77.0583426500246	3629.32
39.36	78.059256807491	147.16
39.36	103.01749431781	105.089
39.36	105.045896327386	1760.79
39.36	107.050434124048	369.112
39.36	111.0917	790.602
39.36	135.032674746841	182.481
39.36	153.034056004479	279.934
39.36	154.039653015384	146.055
39.36	157.032017030874	109.939
39.36	186.010446821653	201.386
39.36	213.012349076856	147.602
39.36	256.982285088299	150.036
39.36	302.856202707579	360.416
39.36	358.818317692088	901.641
39.36	359.821907107419	253.852
39.36	360.822399033024	120.349
39.36	866.260769614468	361.327
39.36	867.275245769889	181.227
39.36	868.267957632863	138.924
39.36	983.452433261493	251.122
39.36	1119.98259991532	268.014
39.36	1373.68233178853	209.694
39.36	1374.70112434395	147.26
39.36	1375.696429251	135.011
39.36	1627.37018827504	658
39.36	1628.37552538672	475.412
39.36	1629.36277870717	620.78
39.36	1630.37729266083	139.446
39.36	1631.35531984797	102.714
41.88	51.0559720797169	269.694
41.88	77.0582832796106	4296.82
41.88	77.133503931401	114.065
41.88	78.0599800230791	142.96
41.88	83.0787212338276	135.094
41.88	111.088266148763	888.43
43.44	77.058291821245	1403.17
43.44	78.0571303913117	103.358
43.44	105.043905263984	460.841
43.44	106.043316390028	107.883
44.46	77.0606557503347	3327.01
44.46	78.0594609313675	100.324
44.46	105.048997823627	1710.97
44.46	107.050468650413	140.508
44.46	108.049688656313	178.56
44.46	111.0917	678.041
44.46	135.037518744026	166.907
44.46	153.041161766735	123.905
44.46	302.869050118082	202.385
44.46	309.015998717069	126.149
44.46	358.828559005269	540.531
44.46	612.550498576443	140.025
44.46	866.286255904224	279.062
44.46	867.308052617916	125.087
44.46	1119.98327461677	179.8
44.46	1373.72820015121	225.461
44.46	1627.43848954624	575.506
44.46	1628.39890374579	322.008
44.46	1629.39630367827	212.375
44.46	1630.4341103903	137.335
46.98	77.0606512346365	3237.39
46.98	78.063872987022	441.062
46.98	111.089815156736	714.415
48.54	77.0602931111897	454.896
48.54	105.049319748147	164.446
49.56	77.0590840547786	1846.13
49.56	105.046840791173	496.291
49.56	111.0917	584.012
49.56	135.032311442192	117.143
49.56	153.037115622337	192.095
49.56	309.014662312387	179.389
49.56	358.831516699356	393.2
49.56	1038.00755127049	112.409
49.56	1627.3949208056	123.592
49.56	1628.42450254749	108.571
52.08	51.0555583828412	101.76
52.08	77.0577959762093	666.681
52.08	111.090704849882	912.742
54.66	77.0583520685075	543.755
54.66	105.047886453553	385.22
54.66	111.0917	823.96
54.66	256.977721763549	142.422
54.66	296.98990865377	122.009
54.66	639.807419233207	270.157
57.18	77.0610919729147	641.579
57.18	111.092250600371	903.752
57.18	381.127447062652	100.133
59.76	77.0638910923148	243.889
59.76	105.051240765161	286.144
59.76	111.0917	669.235
59.76	296.995200949277	162.13
59.76	309.025634733236	141.485
33.3	495.464096052071	198.656
34.38	77.0596419800393	1298.63
34.38	78.0620925128728	272.29
34.38	105.04844676731	621.323
34.38	111.0917	579.773
34.38	153.039303060204	165.098
34.38	244.004455473512	110.002
34.38	256.988175666467	1863.66
34.38	257.994064693119	256.012
34.38	326.951729000956	603.005
34.38	327.962761267739	286.96
34.38	332.950417031949	705.896
34.38	333.951493620622	399.136
34.38	358.824377782696	171.837
34.38	408.912597202077	241.343
34.38	484.85748975228	156.481
34.38	485.852282765599	101.004
34.38	561.793190661993	156.755
34.38	1628.37683486165	105.119
36.9	77.0602602001082	3192.27
36.9	77.1354731417851	132.141
36.9	78.0621423440833	328.167
36.9	86.8615279548138	263.446
36.9	105.046913932115	406.686
36.9	111.091781631966	885.418
38.4	54.8552143255005	186.79
38.4	77.0608175746215	665.177
38.4	105.0490296599	971.793
39.48	77.0593086460029	2810.3
39.48	78.0607491323562	251.124
39.48	105.049197433726	2222.32
39.48	106.049639165854	207.807
39.48	107.052758313171	303.233
39.48	111.0917	836.716
39.48	135.038810060905	135.44
39.48	137.050992424435	137.837
39.48	138.047051425113	121.787
39.48	138.982709624826	119.917
39.48	153.036954984616	205.698
39.48	186.006312464271	176.973
39.48	256.987477578578	113.532
39.48	302.86589460044	348.891
39.48	303.872409917509	138.446
39.48	309.020589231825	219.432
39.48	358.825172194509	686.56
39.48	359.823838914713	144.686
39.48	612.566149952556	223.963
39.48	866.281433634367	354.001
39.48	1120.02921395728	117.641
39.48	1540.45311157843	141.189
39.48	1627.40450350036	336.721
39.48	1628.41647139936	285.05
39.48	1629.3801278695	382.814
39.48	1631.4099928357	129.942
42	77.0594401034756	5566.25
42	77.1343277409898	174.655
42	78.0616552552036	315.067
42	105.049830330346	498.641
42	111.091730988808	867.662
42	112.095058216949	202.395
42	1913.36172654916	272.147
43.5	77.0592494547692	885.108
43.5	105.048128220238	516.354
43.5	202.577937396879	260.905
43.5	358.823186180708	245.253
44.58	77.0600798117366	2861.22
44.58	78.0604976160203	450.591
44.58	105.048447028823	1455.26
44.58	107.053148398107	307.77
44.58	111.0917	890.254
44.58	153.038527038017	185.898
44.58	186.007359792159	126.5
44.58	229.005681662788	120.02
44.58	302.862671712882	327.004
44.58	358.825101354896	604.793
44.58	866.288863151556	291.729
44.58	868.263336338914	159.817
44.58	1120.03197906441	193.084
44.58	1121.00107776093	104.696
44.58	1373.70192363461	253.102
44.58	1374.70487659903	100.066
44.58	1627.40703498951	603.604
44.58	1628.41064283525	467.465
44.58	1629.39544002117	189.654
44.58	1630.42245440277	117.64
44.58	1631.4002556818	118.72
44.58	1882.09811572399	137
44.58	1917.42842001233	207.26
47.1	77.0608158963595	5378.77
47.1	77.1341513262346	124.408
47.1	78.0652393846381	184.636
47.1	105.048912018443	414.089
47.1	111.090772218111	957.123
48.6	77.0615989442969	363.104
48.6	105.048519696579	901.962
48.6	358.81728606933	102.728
49.68	77.0600136225795	3264.63
49.68	78.0630984132901	339.457
49.68	105.048301798986	1697.2
49.68	106.049408439423	209.898
49.68	107.050057339028	357.322
49.68	111.0917	788.181
49.68	135.035455567166	168.964
49.68	153.036345208884	143.36
49.68	186.013080348014	140.595
49.68	230.006155589045	159.127
49.68	256.975471425127	109.225
49.68	302.861852988882	147.12
49.68	303.873767505406	142.163
49.68	309.020217248486	162.755
49.68	358.825290424762	730.243
49.68	360.820160045627	130.333
49.68	784.31371734456	118.562
49.68	866.280722509724	169.789
49.68	1033.07714197714	114.089
49.68	1034.3882813665	100.333
49.68	1038.04601917225	116
49.68	1120.0115177756	155.01
49.68	1374.73287349462	172.014
49.68	1540.49953831283	105.315
49.68	1545.43964472607	104.025
49.68	1627.39106708511	312.532
49.68	1628.41327263536	147.101
49.68	1629.37876427364	163.681
49.68	1631.38009653865	105.356
52.2	77.0596753098578	1955.29
52.2	105.046075284428	346.827
52.2	111.08940543326	879.174
53.7	105.049802013605	158.35
54.78	77.0607497523806	1017.26
54.78	105.048344343118	370.389
54.78	111.0917	689.785
54.78	197.692464704043	196.314
54.78	332.953108751059	116.004
54.78	358.82466396554	112.28
54.78	617.47868611799	232.157
57.3	77.0599321728018	987.89
57.3	105.047005265236	144.008
57.3	111.091068241437	595.445
57.3	112.09158342427	121.059
59.88	77.0584540490906	488.062
59.88	105.046780837088	424.165
59.88	111.0917	647.898
59.88	296.98294573517	221.1
59.88	617.236853425049	221.836
34.38	77.0588319097649	140.45
34.38	111.0917	656.369
34.38	211.977052546523	126.089
34.38	223.005439183985	108.286
34.38	298.97121525206	139.495
34.38	326.945423382839	689.448
34.38	327.95169305878	210.682
34.38	402.900930216664	148.524
34.38	417.896225185833	123.256
34.38	1264.2268084128	129.667
36.9	51.0567917856778	269.161
36.9	77.0596893643593	514.523
38.4	77.0588082721632	823.231
38.4	78.0637645016676	131.676
39.48	77.0609689884297	2010.77
39.48	78.0616718162627	218.445
39.48	105.049592603045	1692.74
39.48	106.05177257725	197.551
39.48	111.0917	277.889
39.48	131.639967871133	153.603
39.48	153.038233508963	237.142
39.48	186.00410216543	128.452
39.48	194.863332597569	147.074
39.48	256.988696301755	2895.79
39.48	257.988869091202	475.963
39.48	258.990863711555	155.368
39.48	302.868102236668	189.848
39.48	326.943715708739	141.256
39.48	332.946964216472	1340.06
39.48	333.953861602206	635.517
39.48	334.955967705784	214.026
39.48	358.827110606002	568.739
39.48	360.829259291144	137.471
39.48	408.902593460858	837.002
39.48	409.904829683326	258.316
39.48	410.913535623429	199.265
39.48	484.85517029314	572.755
39.48	485.865124873131	229.175
39.48	560.814371299234	304.683
39.48	612.560740974723	185.655
39.48	636.768880029174	245.76
39.48	638.777206435064	103.045
39.48	785.316018489958	158.03
39.48	866.283379141336	416.337
39.48	867.2950802251	203.375
39.48	1120.00748461999	138.05
39.48	1122.01684044145	105.211
39.48	1373.69512925998	238.977
39.48	1374.69157318996	117.391
39.48	1375.75327246014	128.704
39.48	1627.43421232304	314.474
39.48	1628.40341081619	289.248
39.48	1628.50162831826	183.069
39.48	1629.41029905832	267.605
39.48	1630.38511450113	109.36
39.48	1881.09827513623	162.61
42	51.0575188016512	1302.01
42	77.0603672390543	2036.46
42	78.062348234455	250.864
42	83.0769171456784	148.02
42	96.0758906208371	144.811
43.5	77.0587308281904	1390.89
43.5	78.062694662198	123.765
43.5	105.047892273114	100.708
44.58	77.060700989491	2667.24
44.58	78.0617903512978	444.257
44.58	92.0622286583326	145.446
44.58	105.048289009556	1295.49
44.58	106.047145387812	110.44
44.58	107.048743127521	232.001
44.58	111.0917	528.931
44.58	135.039221909373	101.737
44.58	152.030127859896	165.597
44.58	153.040261287309	260.175
44.58	170.029274965219	126.645
44.58	183.02459607064	109.111
44.58	302.860063965565	187.006
44.58	303.871448033246	130.388
44.58	358.827285313454	732.712
44.58	612.549431621227	229.778
44.58	866.283928239484	314.093
44.58	1119.98843132303	145.482
44.58	1373.70961538959	162
44.58	1375.69322418243	221.25
44.58	1574.91307767249	113.231
44.58	1627.40043677942	520.596
44.58	1628.39306786121	238.565
44.58	1629.38104967266	331.223
44.58	1630.38446654003	145.973
44.58	1943.98071059695	126.641
47.1	51.0557360921679	773.681
47.1	77.0596721185956	2050.15
47.1	78.0618362348906	314.05
47.1	83.0769499055804	348
47.1	90.0599781237524	114.441
47.1	111.08862872628	161.007
47.1	1888.0002482294	173.03
48.6	77.0596841818795	1231.14
48.6	78.0599484762366	126.17
49.68	77.0600971420486	2728.99
49.68	78.0624353820094	196.722
49.68	79.0630993979962	148.017
49.68	105.050088276597	1540.81
49.68	106.057596923034	173.244
49.68	107.054774733318	128.402
49.68	108.055608842192	126.857
49.68	111.0917	493.75
49.68	118.056950013985	118.475
49.68	135.044248364303	155.938
49.68	138.981495490981	106.511
49.68	153.035139042801	137.017
49.68	186.010228738024	133
49.68	302.867654255619	117.003
49.68	309.023365480059	101.93
49.68	358.826109141195	699.559
49.68	359.816140312927	170.878
49.68	612.58126228168	106.471
49.68	866.29303072144	507.21
49.68	867.306076978303	285.386
49.68	1119.98682469134	186.953
49.68	1120.06080578211	142.431
49.68	1120.99559711277	380.83
49.68	1373.72284454583	270
49.68	1375.69191461669	194.519
49.68	1627.42030963386	425.226
49.68	1628.42299680868	373.689
49.68	1629.39917336499	293.007
49.68	1630.41245578893	154.002
49.68	1948.87483976964	143.963
52.2	51.0562703321228	889.753
52.2	52.0616450997367	136.612
52.2	77.0607286272668	1389.35
52.2	78.0645887084545	116.407
52.2	83.0801808392816	180.141
52.2	111.093432848067	214.967
52.2	683.461916990694	272.422
53.7	77.0600651319061	665.312
53.7	78.0568921186069	172.241
53.7	165.028166049401	110.014
53.7	304.383926940547	121.083
53.7	1376.46798350868	264.125
54.78	77.0596864475808	810.107
54.78	105.046910823392	321.83
54.78	107.050494242166	118.407
54.78	111.0917	271.39
54.78	112.095914268503	122.573
54.78	153.036841308537	100.633
54.78	358.820757423895	371.327
54.78	359.81041365612	159.062
54.78	1373.68861878726	106.012
54.78	1627.44247931197	123
57.3	52.056811131966	105.335
57.3	77.0601699776548	442.038
57.3	83.0794549368422	240.704
57.3	112.096633602084	130.015
58.86	77.0631215348857	122.4
59.88	77.0617088351682	426.792
59.88	111.0917	333.592
59.88	358.816900998738	114.007
34.14	105.040838546703	105.018
34.14	111.0917	538.008
34.14	153.034119834958	142.901
34.14	222.99951898291	105.263
34.14	256.983766025977	113.728
34.14	326.94338770632	881.05
34.14	327.939073905478	238.05
34.14	358.809863652743	100.235
34.14	402.883414945222	209.56
34.14	403.899039954719	191.189
34.14	1628.34527323367	123.258
36.66	51.0550813259573	203.227
38.22	77.0566476678227	991.119
38.22	78.0620125359934	162.422
38.22	183.032864944268	264.062
38.22	1505.99098190015	224.53
39.24	77.0586827918944	2063.57
39.24	78.057948358538	216.025
39.24	93.0381124445215	143.61
39.24	105.046973340345	1559.11
39.24	107.049988579233	234.309
39.24	111.0917	473.604
39.24	149.999903750809	160.72
39.24	152.022961818146	148.189
39.24	153.03358444792	273.538
39.24	181.019688327803	157.026
39.24	229.00018911051	105.015
39.24	263.021913857332	116.457
39.24	302.853866870185	172.674
39.24	358.819352723816	427.898
39.24	359.821806523392	116.531
39.24	360.818280611694	189.018
39.24	612.531151764852	111.96
39.24	866.257711729216	224.414
39.24	941.968541495282	132.568
39.24	1373.64200116562	179.326
39.24	1404.72304050453	129.822
39.24	1627.3666186337	296.96
39.24	1627.47160632233	114.756
39.24	1628.37514915069	221.399
39.24	1629.33605797189	267.689
41.76	42.0698051076255	107.73
41.76	50.0460578308621	232.452
41.76	51.0543860683832	878.778
43.32	51.0564134036728	247
43.32	77.056858430021	1514.18
43.32	250.164907452668	179.346
44.34	53.0689988069209	102.75
44.34	77.0579350266258	2196.63
44.34	105.048328846723	1345.56
44.34	107.049750691073	364.651
44.34	111.0917	483.055
44.34	135.029728542599	193.48
44.34	152.027255462492	136.286
44.34	153.033740171328	329.256
44.34	198.012647710994	116.331
44.34	234.774514555528	156.386
44.34	302.862875513006	218.89
44.34	358.817244483629	319.914
44.34	612.543764403365	100.265
44.34	866.279424998404	309.01
44.34	867.30210864024	111.512
44.34	1070.6087266205	120.023
44.34	1119.99147945933	136.573
44.34	1122.04300720773	103.761
44.34	1373.67690384768	148.005
44.34	1374.67154956075	130.016
44.34	1627.40871514891	585.231
44.34	1628.36852492225	314.939
44.34	1629.37316647944	244.76
44.34	1881.09117354862	130.002
46.86	50.048412413953	252.507
46.86	51.0555469822042	955.125
46.86	62.0409339934898	114.207
48.42	77.0577064225341	1235.26
49.44	77.0618298065671	1580.19
49.44	105.050454715025	1837
49.44	107.054990052903	190.007
49.44	111.0917	658.896
49.44	135.039286664903	105.5
49.44	153.038942045905	312.841
49.44	169.025270595159	109.207
49.44	302.865341182859	263.266
49.44	358.827081034605	417.907
49.44	359.825776189963	110.961
49.44	409.82980034372	139.044
49.44	866.299151623038	334.497
49.44	1373.73924442686	118.56
49.44	1374.69923687786	133.557
49.44	1540.4555946797	106.114
49.44	1627.41460061474	246.307
49.44	1628.41167195904	185.592
49.44	1629.43023227852	282.471
51.96	50.0475985596101	178.33
51.96	51.0563974311929	395.929
53.52	77.0609415324105	492.175
53.52	1844.41248439492	125.75
54.54	77.0593409057699	402.002
54.54	105.047349582118	224.178
54.54	111.0917	518.593
54.54	153.039247825055	117.1
54.54	228.99364788019	125.042
54.54	336.590131307839	226.974
54.54	358.827755995881	132.778
54.54	682.372553445001	222.299
57.12	51.055856463087	182.971
59.64	105.050039373196	146.001
59.64	111.0917	436.889
59.64	296.992519110048	131.195
59.64	309.012971052538	145.19
59.64	358.827585827366	115.682
59.64	1654.10020065696	106.007
