#SEC	MZ	INT
33.66	514.823183155583	167.255
33.66	1121.81620023757	258
34.68	104.031930974999	109.213
34.68	111.0917	628.711
34.68	136.004469996061	113.327
34.68	240.943173815319	228.896
34.68	241.949813005725	102.248
34.68	255.918625824026	164.21
34.68	776.492165782635	111.24
39.78	97.0464847638829	171.439
39.78	111.103367948491	573.335
39.78	112.109607320888	168.617
39.78	121.035544299434	539.251
39.78	136.011975465167	160.039
39.78	139.045192413287	103.875
39.78	149.018950200474	158.439
39.78	185.016457444266	107.14
39.78	196.003985313939	115.331
39.78	240.970652479188	455.033
39.78	241.972273706218	108.848
39.78	252.889497672308	247.572
39.78	255.949065049934	130.275
39.78	446.759744157969	124.142
39.78	630.626208756549	187.056
39.78	631.635496721193	191.619
39.78	750.522396242877	167.075
39.78	751.524150262934	111.008
39.78	1002.27160015874	130.059
39.78	1378.91949557024	107.045
42.3	121.034174751464	378.436
43.86	149.01991899731	162.026
43.86	446.766434229495	103.073
44.88	111.130655846083	220.277
44.88	116.088312458943	298.622
44.88	121.064145601478	520.01
44.88	122.0643317594	116.346
44.88	136.036727967628	261.628
44.88	149.060401516067	128.75
44.88	189.018662133734	126.506
44.88	241.022729271366	234.051
44.88	252.944205246933	343.456
44.88	309.121535835984	131.335
44.88	377.964970371069	104.125
44.88	446.865055497281	311.451
44.88	510.830431351919	346.045
44.88	630.781365730971	311.592
44.88	631.769231503557	275.205
44.88	750.709869751601	278.406
44.88	752.707097480199	122.918
44.88	870.633389227457	231.29
44.88	871.64681900497	123.111
44.88	1099.54308475996	143.014
47.4	121.061604394617	179.08
47.4	149.055884251646	103.44
48.96	121.064704726881	199.084
48.96	149.060622567673	160.88
48.96	446.863076205346	138.223
49.98	97.0628183608893	212.225
49.98	111.124658984917	774.155
49.98	120.049540966092	108.41
49.98	121.056582065465	685.938
49.98	122.064368710728	111.016
49.98	149.049326429324	693.025
49.98	241.013257399133	669.76
49.98	252.936970688278	187.005
49.98	255.986834347708	126.152
49.98	309.103032069859	146.249
49.98	360.959366529028	101.21
49.98	372.872839363642	156.94
49.98	446.845018780868	375.062
49.98	510.793527831814	250.853
49.98	620.799466788736	108.031
49.98	630.733035935265	357.765
49.98	750.65864710887	214.075
49.98	870.596469516508	163.186
49.98	872.594998988978	104
52.56	121.057564372777	311.223
52.56	1245.6464004468	195.562
34.62	97.0470097605076	129.024
34.62	106.081388146188	260.042
34.62	107.085301229767	154.275
34.62	111.10322456116	2471.8
34.62	112.105256304133	374.213
34.62	115.06383506887	172.455
34.62	116.058044930726	249.882
34.62	121.035749038166	820.58
34.62	136.013213396688	221.381
34.62	139.047653693099	205.917
34.62	149.01914249565	273.424
34.62	150.02732726065	112.811
34.62	173.984872543388	124.07
34.62	194.997817029218	135.105
34.62	222.97155489606	154.167
34.62	223.972766176991	123.5
34.62	227.970851021667	111.654
34.62	240.969724475023	912.565
34.62	241.970737067835	234.102
34.62	252.886921117819	1341.36
34.62	253.893516586914	117.556
34.62	254.880966257342	170.619
34.62	360.885954343275	230.272
34.62	367.15381150138	140.837
34.62	372.807669549317	138.429
34.62	378.87619607059	157.164
34.62	388.868449619814	175.017
34.62	390.798873337649	212.88
34.62	480.802582078195	228.4
34.62	492.705119513415	121.765
34.62	498.796239787104	149.61
34.62	510.71606406895	680.519
34.62	625.64885432628	151.491
34.62	630.618518088536	825.112
34.62	631.619184865141	185.741
34.62	632.62444203737	105.806
34.62	658.599533793938	100.803
34.62	659.646320419755	110.98
34.62	750.524602384919	478.2
34.62	751.525594067149	128.15
34.62	752.519068139446	136.225
34.62	870.42452628014	276.495
34.62	871.442246497846	267.045
34.62	898.41991120595	147.432
34.62	990.309180862112	104.445
34.62	991.341641418535	102.556
34.62	1018.31755861059	136.613
37.14	121.035662516523	943.571
37.14	122.038963254863	110.382
37.14	149.023727885119	145.98
38.7	121.034454121559	511.767
38.7	149.023605464156	391.409
38.7	446.770398812726	105.186
39.72	65.0840174577836	145.714
39.72	92.1430396116141	258.042
39.72	97.0648336967165	116.002
39.72	104.063400987068	111.967
39.72	106.098105323296	359.086
39.72	110.073006354781	130.452
39.72	111.12331434072	1715.78
39.72	112.1280091924	241.736
39.72	116.078634555184	371.297
39.72	120.04728848183	135
39.72	121.056651947615	1976.37
39.72	122.061150478986	231.992
39.72	136.036227332858	131.551
39.72	139.070844455716	183.561
39.72	141.094484596505	102.111
39.72	149.050476703271	436.003
39.72	168.062333520711	131.494
39.72	185.058844539627	126.002
39.72	189.013542443917	111.266
39.72	195.042799104733	157.25
39.72	196.040866767495	241.446
39.72	213.034564212051	134.493
39.72	223.0092082159	134.634
39.72	240.027704251493	121.894
39.72	241.010692921922	1230.81
39.72	242.015100400543	153.727
39.72	252.934519444319	2332.53
39.72	253.936569417403	308.418
39.72	254.9297900678	162.257
39.72	256.997539831499	101.454
39.72	268.996973952619	148.005
39.72	308.114298925031	127.048
39.72	309.105726485725	169.339
39.72	360.957172439435	441.259
39.72	372.880977226139	450.084
39.72	374.869519987869	115.059
39.72	377.951305773414	293.882
39.72	380.958718153408	121.471
39.72	425.87221309509	114.654
39.72	444.93139643508	107
39.72	446.846975329885	269.693
39.72	480.889067457714	388
39.72	481.892961615951	173.625
39.72	492.820950019632	312.738
39.72	510.805811134769	1197.35
39.72	511.810062502191	407.668
39.72	512.801841960035	190.02
39.72	538.528097668984	115.16
39.72	600.818553226749	158.227
39.72	601.832996728191	104.333
39.72	612.752599167759	111.226
39.72	630.732021779521	1918.08
39.72	631.733812807958	597.076
39.72	632.761101682983	146.818
39.72	640.728875263105	109.363
39.72	706.689496377828	118.094
39.72	720.750062281734	128.223
39.72	739.750580574481	108.696
39.72	750.664530005886	1110.53
39.72	751.662409316833	678.847
39.72	752.667423127107	217.51
39.72	870.585901976316	634.658
39.72	871.602578466454	279.892
39.72	872.587233121743	111.804
39.72	882.49851421669	167.011
39.72	991.51492511886	166.012
39.72	1110.40417533801	148.316
42.24	121.054149750901	780.638
42.24	122.066102907038	111.064
42.24	149.049120842511	191.585
43.8	121.056410673957	290.288
43.8	149.049917184624	386.877
43.8	446.847269390328	138.184
44.88	97.0651505463712	119.25
44.88	104.056046295503	149.108
44.88	106.098079107468	345.573
44.88	111.123789015016	2080.96
44.88	112.127607429266	125.799
44.88	116.078442391935	341.897
44.88	120.048202829058	189.013
44.88	121.056770209015	1094.55
44.88	123.050025169083	141.966
44.88	125.045714853692	140.587
44.88	136.034477217091	210.073
44.88	139.071523746525	182.01
44.88	149.052006822813	522.273
44.88	189.013547451446	141.016
44.88	221.073342253451	133.19
44.88	223.015926639809	105.272
44.88	241.016190834104	1216.02
44.88	242.018342623221	109.531
44.88	252.937476318098	1383.2
44.88	254.927005015765	134.143
44.88	269.004500709298	149.8
44.88	360.956449967503	415.272
44.88	361.949546770636	133.24
44.88	372.878339734977	592.018
44.88	377.947880720891	162.143
44.88	378.939972674743	106.025
44.88	390.871371722887	265.196
44.88	446.840483066111	172.617
44.88	480.899082901525	342.004
44.88	481.892853363295	147.545
44.88	498.886658053199	187.464
44.88	510.808812407407	1209.39
44.88	511.818702250278	218.333
44.88	512.802075300502	178.25
44.88	600.83114266934	139.118
44.88	630.739088885642	1521.02
44.88	631.746766537344	493.73
44.88	632.739053326993	245.722
44.88	633.741196066437	100.793
44.88	742.315520867107	100.008
44.88	750.659873248465	1091.57
44.88	751.67436141088	280.625
44.88	752.675338602712	245.222
44.88	858.674651936604	101.26
44.88	870.59765026144	627.164
44.88	871.588803836391	157.346
44.88	872.59857728607	144.56
44.88	990.508471317387	216.776
44.88	991.51255075591	172.25
44.88	1111.41890673593	133.006
47.4	121.055714154462	786.368
47.4	122.058792984497	114
47.4	150.06729008585	141.125
48.9	121.055764593706	475.346
48.9	124.550396234307	124.007
48.9	149.048427023899	307.496
48.9	446.846990661383	156
49.98	97.0650926469663	278.495
49.98	104.057807255875	118.939
49.98	106.099672721195	132.668
49.98	111.123955017948	1369.91
49.98	112.123223017499	150.573
49.98	116.079428745002	427.175
49.98	121.056815159076	1427.01
49.98	132.067180515029	152.802
49.98	136.034370174946	121.796
49.98	139.072196350316	109.227
49.98	149.049868812679	284.674
49.98	184.131354283144	134.322
49.98	185.066116792742	115.485
49.98	189.013141168866	127.361
49.98	213.04536812608	128.918
49.98	241.010029149109	707.652
49.98	242.015132952168	198.249
49.98	252.931248348743	870.479
49.98	256.985820570403	105.274
49.98	280.91958451916	102.853
49.98	309.111490063691	137.778
49.98	360.944814520335	185.263
49.98	372.882467836302	340.49
49.98	377.934058697986	108.003
49.98	388.937608302905	120
49.98	446.846222337587	332.224
49.98	480.887004271242	242.413
49.98	500.876441088056	223.32
49.98	510.804039223784	528.521
49.98	511.806904392832	259.762
49.98	630.730270911283	1292.31
49.98	631.743996772057	415.25
49.98	632.731477446521	167.388
49.98	750.664848829104	572.114
49.98	751.666492043348	411.024
49.98	817.032655836246	112.014
49.98	870.595790641292	218.892
49.98	871.576601300148	164.102
49.98	990.502625881328	216.04
52.5	121.060571217581	296.023
52.5	140.577813822329	259.375
52.5	252.902200377394	265.258
33.48	1685.73978379024	178.582
34.5	111.0917	838.35
34.5	121.018593181498	105.02
34.5	240.945598529978	186.039
34.5	252.857646831702	101.344
37.08	121.022194779399	599.415
37.08	122.024700176816	275.549
38.58	121.020936791862	272.367
38.58	150.008172348214	113.166
38.58	446.719279460521	214.028
39.6	65.0852124718667	173.844
39.6	106.10238608727	101.89
39.6	111.124266495599	1026.9
39.6	112.126367780722	198.181
39.6	121.058701561953	2840.7
39.6	136.038125414046	166.187
39.6	149.04903537071	909.862
39.6	150.053419099959	104.792
39.6	241.017856917977	750.115
39.6	242.017058703489	159.329
39.6	252.942824271528	626.629
39.6	308.111261787942	192.152
39.6	309.109454579474	101.958
39.6	360.949802499692	181.249
39.6	372.872944018364	215.258
39.6	377.959590668702	111.165
39.6	446.847468107667	344.818
39.6	510.814741109961	490.56
39.6	630.740802125551	616.776
39.6	631.748370449934	241.003
39.6	654.423115777891	187.067
39.6	750.675441960722	441.258
39.6	751.673403272179	189.799
39.6	751.727745992461	149.189
39.6	870.606047633384	175.125
39.6	1110.42924248207	173.041
39.6	1216.48082883481	121.72
39.6	1294.32343768146	103.331
42.18	65.0868182033914	270.046
42.18	112.394609378175	126.917
42.18	121.057844622418	1500.58
42.18	122.060957873787	217.723
42.18	149.04875235882	439.781
43.68	121.057311828529	401.571
43.68	122.058844711732	109.073
43.68	149.048980995635	300.456
43.68	446.845392939286	147.006
44.76	110.051549711885	184.001
44.76	111.123316860611	1114.84
44.76	116.078922645651	120.939
44.76	121.056321790655	2053.03
44.76	122.058777815886	311.298
44.76	123.049222453382	105.01
44.76	136.03490325935	368.191
44.76	139.070666769151	148.164
44.76	141.088815803353	172.112
44.76	149.051549913245	689.871
44.76	196.042157383706	124.125
44.76	241.012108167029	629.256
44.76	242.013854544528	150.002
44.76	243.013621101475	116.24
44.76	252.933072738938	358.931
44.76	309.107518132095	166.298
44.76	360.956674088168	296.076
44.76	361.966249116706	102.006
44.76	378.949216174328	105.592
44.76	446.843749412647	469.45
44.76	447.84483909447	108.625
44.76	510.81014115449	526.885
44.76	511.814937975792	125.116
44.76	630.737260475301	536.261
44.76	631.747216513368	297.197
44.76	750.670824301311	259.446
44.76	751.661231365098	179.704
44.76	870.576459719697	102.787
44.76	871.605570657887	293.794
44.76	990.516091988362	140.062
47.28	121.057338369859	1431.05
47.28	122.059744613839	140.989
47.28	149.049969100921	124
47.28	240.86067717937	260.225
48.78	121.057663071342	460.862
48.78	149.054531033773	288.698
49.86	75.0653304999114	125.675
49.86	111.122945899669	584.663
49.86	117.083383480079	106.077
49.86	121.058621440207	1497.72
49.86	122.059555607348	122.562
49.86	149.051233165811	498.612
49.86	168.059139318918	131.579
49.86	224.028176608901	135.445
49.86	241.011767797559	513.813
49.86	242.019798816314	172.45
49.86	252.937127833555	341.311
49.86	268.993426836027	116.917
49.86	309.107711084047	173.828
49.86	360.956473179208	175.082
49.86	446.846189200897	330.115
49.86	510.804706315834	422.084
49.86	511.789668697534	124.029
49.86	630.739740290266	388.006
49.86	632.70722620396	101.163
49.86	750.660424995245	162.267
49.86	870.612864787124	182.471
52.38	43.5138048370427	249.041
52.38	121.057384670807	917.483
52.38	149.055439581032	160.03
52.38	860.217583402892	262.64
53.88	121.053062871813	124.258
33.78	111.0917	1829.36
33.78	112.093147590991	149.588
33.78	240.944761116246	482.566
33.78	388.82358927246	132.225
33.78	510.682709997057	106.375
33.78	522.626894521426	119.348
33.78	640.544176150709	115.58
36.3	152.036215645263	149.63
37.8	121.020409190743	303.922
38.88	97.7716556642616	256
38.88	111.10212951923	1457.56
38.88	112.102753751122	127.051
38.88	121.033468064982	1059.25
38.88	122.038152388406	170.134
38.88	141.059595111661	105
38.88	149.020610949257	492.782
38.88	185.022582786613	166.005
38.88	196.007460548054	155.981
38.88	197.018161721973	101.875
38.88	222.971719669673	124.007
38.88	239.95666220235	165.422
38.88	240.966081170107	1054.33
38.88	241.974792682728	146.006
38.88	242.965927451	108.583
38.88	252.886028336161	972.027
38.88	253.890675510073	159.034
38.88	255.943905054081	197.88
38.88	360.885865364031	391.23
38.88	372.799461870942	431.438
38.88	373.796062893179	206.818
38.88	377.874126243608	139.235
38.88	378.872068630743	119.002
38.88	390.795408879225	199.89
38.88	399.585442413259	105.48
38.88	446.756829128461	124.166
38.88	465.762197836691	100.862
38.88	480.802488724538	154.491
38.88	481.786624804198	108.125
38.88	510.704331708508	826.514
38.88	511.71905967399	143.842
38.88	512.695419764694	142.002
38.88	600.702322917939	144.211
38.88	620.694798396537	118.509
38.88	630.614412572363	1109.49
38.88	631.627414932017	838.471
38.88	750.508200672579	926
38.88	751.518343837396	271.225
38.88	752.508160143746	133.01
38.88	826.47367404004	108.005
38.88	870.414926722364	310.008
38.88	871.429607960115	199.422
38.88	872.436179517493	119.004
38.88	990.300428459638	189.321
38.88	991.321846707147	152.091
38.88	1111.22179879985	117.011
41.4	65.0717314407297	363.74
41.4	121.032056304401	120.461
42.9	121.032380855936	346.292
42.9	149.024579825866	102.625
42.9	847.988102526467	262.942
43.98	111.101721522229	1128.08
43.98	116.057400543995	173.569
43.98	120.028330408029	126.309
43.98	120.046413739446	107.19
43.98	121.03332480295	996.52
43.98	122.036196131583	188.483
43.98	125.02672320898	156.472
43.98	139.053530616506	223.131
43.98	141.06282028319	154.689
43.98	149.021158094438	358.312
43.98	168.035407475137	206.052
43.98	196.010759722499	135.96
43.98	222.969652777975	164.645
43.98	236.897254658154	190.084
43.98	238.940544249691	112.041
43.98	239.960940160214	135.926
43.98	240.966966712752	1029.77
43.98	241.963887867351	145.778
43.98	252.8865300646	1144.55
43.98	253.892590851137	125.241
43.98	326.897355957446	102.316
43.98	360.884706013397	345.506
43.98	372.80365832573	315.846
43.98	375.872117546759	123.08
43.98	480.811873338334	182.062
43.98	492.710635905587	107.34
43.98	510.713511445824	798.453
43.98	511.712354643988	213.002
43.98	630.619516182208	1421.03
43.98	631.621308752586	652.391
43.98	632.642336432009	156.029
43.98	720.616365638425	156.133
43.98	750.512825293108	1072
43.98	751.531804191339	380.962
43.98	752.504316806108	105.893
43.98	870.423516845894	702.633
43.98	871.421820576167	117.522
43.98	872.409056298203	107.391
43.98	882.326768777897	117.042
43.98	990.335120594478	139.298
43.98	990.394211462325	101.333
43.98	991.315785936919	120.963
43.98	1002.26034054803	200.562
46.5	65.0730161808713	250.125
46.5	150.972327406379	111.324
48	121.034351936157	437.787
48	372.494060178564	198.316
49.08	107.084755099348	109.92
49.08	111.12470496877	1493.88
49.08	116.083803694732	126.49
49.08	121.057232848815	1133
49.08	125.0475973077	132.491
49.08	128.08470866021	141.644
49.08	149.048879201272	489.45
49.08	152.08060563178	102.385
49.08	155.060003070982	135.92
49.08	166.583957993659	259.893
49.08	189.014692334189	232.383
49.08	195.022766871422	119.883
49.08	213.02615268597	118.449
49.08	229.030790820215	143.118
49.08	241.017094540628	583.63
49.08	242.017529158244	142.851
49.08	252.936279299694	743.333
49.08	254.94279343509	117.375
49.08	255.990270453671	192.544
49.08	356.893480948994	130.023
49.08	360.950773393005	394.976
49.08	372.868961570298	107.172
49.08	377.948191217264	133.5
49.08	390.868911221631	154.331
49.08	446.84617412226	213.202
49.08	480.880181817506	157.8
49.08	498.886442834509	136.681
49.08	510.816731554849	695.64
49.08	511.818423441137	279.29
49.08	512.813757219702	132.002
49.08	600.806899555501	104.4
49.08	601.833465175827	167.785
49.08	612.761139676271	123.161
49.08	620.814605583044	104.883
49.08	630.74200760344	1027.45
49.08	631.741603866815	436.632
49.08	721.768289672643	140.261
49.08	750.67219411734	804.03
49.08	751.661376688664	242.347
49.08	752.673320817666	188.257
49.08	753.696602111521	138.607
49.08	870.604839165845	342.391
49.08	871.586914967883	194.641
49.08	872.602849871165	160.023
49.08	990.512781230582	181.758
49.08	1110.42765969337	103.136
51.6	65.0849097326233	265.227
51.6	93.0695312583282	110.061
51.6	121.058490153539	100.635
51.6	1259.18145151101	258.025
53.1	121.056621991335	179.806
34.14	111.0917	846.191
34.14	240.952045059376	389.115
34.14	241.94033340708	122.853
34.14	388.846622642392	138.728
34.14	909.547096241749	260.014
34.14	996.112969733159	117.89
36.66	121.018055583613	102.029
36.66	1729.53883966649	259
38.22	121.021271597474	299.482
38.22	149.008502477163	114.402
39.24	109.040743274947	106.007
39.24	111.102793559143	917.596
39.24	112.101050808717	127.28
39.24	116.054696412159	102.361
39.24	121.033071098162	492.55
39.24	122.038272039202	103.367
39.24	141.06136612777	127.911
39.24	149.019720454406	212.119
39.24	162.033033810027	115.48
39.24	240.967749259029	410.087
39.24	252.882412222838	471.867
39.24	255.937726892579	151.422
39.24	360.89154161384	149.011
39.24	372.793704893541	234.002
39.24	480.793646821091	109.107
39.24	492.713141058093	109.002
39.24	510.707831063296	591.403
39.24	511.707815798936	204.155
39.24	600.70358868406	135.08
39.24	618.689993436668	104.045
39.24	630.60625651929	840.779
39.24	631.590919782798	173.186
39.24	632.616520176988	158.714
39.24	750.513143873816	746.829
39.24	751.522113873876	318.414
39.24	870.419736676571	171.5
39.24	1114.0518834939	279.628
43.32	121.030966195063	437.137
44.34	111.102391308252	708.794
44.34	112.103464738193	161.006
44.34	121.032923056163	560.622
44.34	125.021744829665	116.471
44.34	139.049684680544	100.886
44.34	141.061387324683	103.82
44.34	149.020259880805	249.332
44.34	168.033397601205	122.326
44.34	221.021792274605	122.136
44.34	240.967893729748	566.136
44.34	252.883478509216	799.102
44.34	360.880259412014	295.641
44.34	446.750140799538	143.007
44.34	480.76630813425	117.061
44.34	500.7803741268	130.448
44.34	510.706000535709	320.891
44.34	566.663609111811	165.013
44.34	618.679005204552	105.25
44.34	630.606707914549	576.779
44.34	631.608382955517	124.102
44.34	750.50350897287	387.187
44.34	751.509504919405	262.556
44.34	870.406028490242	175.006
44.34	1079.01212078271	122.346
46.86	121.032789975123	103.386
48.42	121.033834167665	149.471
49.44	111.124436317974	523.025
49.44	112.127491393073	121.256
49.44	116.082591627966	159.015
49.44	121.058083030066	459.934
49.44	141.092536563064	172.472
49.44	149.050755316367	186.356
49.44	189.010334946888	107.617
49.44	215.054269364879	110.862
49.44	241.015910270968	358.674
49.44	242.02494646293	151.339
49.44	252.939157342847	292.961
49.44	312.002657091458	102.562
49.44	360.962330880793	106.01
49.44	390.867218648604	131.016
49.44	446.841631958834	191.13
49.44	480.90428919494	138.695
49.44	510.805298469927	386.753
49.44	511.827553633062	180.34
49.44	630.745014204611	386.05
49.44	750.654975784014	240
49.44	751.67432301415	142.025
49.44	871.608365195244	169.199
51.96	121.058421799542	161.5
53.52	121.055879775901	103.008
53.52	404.048621871275	260.205
33.54	143.393587470393	259.018
33.54	1174.41985466745	263.5
34.62	690.185088867285	256
37.14	245.266889936728	175.571
38.64	399.866976835203	136.094
47.34	1734.2957815658	260.161
53.94	201.840940216913	179.909
34.44	111.0917	1133.88
34.44	121.030743607588	184.027
34.44	195.046653524391	105.846
34.44	241.04609776773	103.006
34.44	252.97849949311	340.651
34.44	308.190754515109	115.225
34.44	333.079595096923	140.322
34.44	372.998517742594	116.823
34.44	389.071693280133	142.333
34.44	629.106053357911	114.675
34.44	631.062013769656	125.805
34.44	751.050826517743	109.027
34.44	779.109018696975	161.083
34.44	922.009798	172.776
36.96	121.027510417875	455.928
38.46	121.032031569307	220.12
38.46	149.03620163082	163.231
38.46	447.022609884503	150.089
39.54	111.100855902561	811.796
39.54	115.065809098058	111.662
39.54	116.057041747104	133.321
39.54	121.033475665871	756.112
39.54	125.024183986069	218.926
39.54	149.022318962012	367.111
39.54	188.979709222569	108.08
39.54	212.995614032482	144.039
39.54	214.010614087463	105.568
39.54	222.976094114046	166.085
39.54	240.969707311634	621.227
39.54	252.88942962742	851.631
39.54	253.890760346013	136.1
39.54	255.948200736981	126.297
39.54	285.838372298629	142.524
39.54	360.886781869831	272.166
39.54	372.809053174756	263.039
39.54	377.883646929177	174.116
39.54	379.881685562095	105.235
39.54	480.805424762068	196.579
39.54	481.814190525172	126.29
39.54	510.714843388437	982.948
39.54	511.717438105868	151.88
39.54	600.717492462401	125.006
39.54	620.689179863752	147.306
39.54	630.623459031462	1060.12
39.54	631.631438665505	340.116
39.54	750.521601941153	634.095
39.54	751.518614860524	313.021
39.54	752.516366649584	107.49
39.54	870.433219977465	264.003
39.54	872.419471297681	143.554
39.54	921.308657452003	113.235
39.54	1110.22821606517	134.442
42.06	121.033291172727	598.191
42.06	157.058132710338	114.289
42.06	1224.42961531826	259
43.56	121.038304859228	112.51
44.64	111.101231181254	604.992
44.64	121.032715143487	904.828
44.64	128.062520020781	138.111
44.64	139.052875777256	214.094
44.64	140.051153062222	146.223
44.64	149.021815677802	270.488
44.64	150.021566150318	164.058
44.64	188.972350409263	114.284
44.64	212.993771898943	196.62
44.64	240.963193643748	553.322
44.64	241.958266859961	244.264
44.64	252.88230065129	1167.76
44.64	254.876116768378	146.208
44.64	255.937045793606	119.023
44.64	309.042503115766	131.565
44.64	360.887190983913	298.11
44.64	371.886991990895	106.531
44.64	372.803705665913	313.256
44.64	377.86692602257	158.686
44.64	390.801292323777	131.087
44.64	480.787003555347	235.258
44.64	492.709269832795	161.929
44.64	501.775580604602	101.118
44.64	510.707813774963	882.744
44.64	511.716948485417	221.535
44.64	546.719692933734	107.036
44.64	620.683248308451	127.853
44.64	630.611638190403	1189.44
44.64	631.603711208995	641.215
44.64	632.619655346129	191.596
44.64	721.588971983255	102.147
44.64	750.511085939538	777.579
44.64	751.512127970997	288.48
44.64	752.501306487128	174.241
44.64	870.423513139464	499.394
44.64	871.415239338742	168.339
44.64	872.419032912721	101.471
44.64	921.275271444583	141.679
44.64	990.315914641045	257.028
44.64	991.313630109251	187.815
44.64	1110.22604824033	125.25
44.64	1679.75965989673	100.568
47.16	121.029551857273	374.32
47.16	310.425607074591	266.625
48.66	149.014025209102	139.009
48.66	713.873340811545	277.029
48.66	784.326819779905	226.934
49.74	111.129960480596	996.586
49.74	121.061466879547	653.798
49.74	125.051683037308	123.681
49.74	141.096809337573	139.907
49.74	149.051828766887	139.001
49.74	150.068565469067	106.202
49.74	168.074159777282	100.191
49.74	174.109170136177	116.051
49.74	189.018823437772	166.892
49.74	241.02509296748	791.235
49.74	252.949988129844	1042.68
49.74	253.953104866097	120.111
49.74	254.942735233444	180.809
49.74	256.00416950993	360.705
49.74	360.983154330912	268.123
49.74	361.984316736108	138.925
49.74	372.88628138462	263.314
49.74	415.980799714753	125.4
49.74	446.867849691604	185.102
49.74	480.910275097747	132.045
49.74	498.90944804075	108.026
49.74	510.837446795756	893.935
49.74	511.839235526074	172.885
49.74	600.857478697129	186.686
49.74	618.86859614048	184.352
49.74	630.770842067129	1036.29
49.74	631.778735228854	345.556
49.74	632.778261569478	275.125
49.74	750.703044416819	777.561
49.74	751.705034363603	466.641
49.74	870.629317583193	404.188
49.74	871.654868404377	143.556
49.74	921.512966038087	155.027
49.74	990.565024466809	207.596
49.74	991.5796812747	101
52.26	121.061609334625	324
52.26	799.641559110036	117.47
53.76	809.534764201562	220.12
34.62	111.091700000829	2008.38
34.62	240.941781782701	191.272
34.62	252.859308550011	177.735
34.62	309.01534937179	145.784
37.14	121.024338411493	197.51
37.14	162.0246303074	107.009
38.7	121.020484705574	323.563
38.7	149.004879140865	418.88
38.7	304.749271100326	268.556
38.7	1225.76662266068	274.89
38.7	1792.11944228769	167.678
39.72	97.0675161535711	148.136
39.72	107.04848189621	177.875
39.72	111.125525835784	2144.03
39.72	113.066218659222	106.247
39.72	115.086229774632	169.571
39.72	116.081069626637	245.107
39.72	118.076051884779	117.135
39.72	120.051861584049	384.168
39.72	121.056204146456	876.029
39.72	125.051121381925	138.776
39.72	136.035340199229	308.553
39.72	139.076498891777	262.575
39.72	149.047299867495	409.682
39.72	168.068787398726	172.327
39.72	189.011124539046	169.375
39.72	240.008628243991	283.946
39.72	241.013055466267	985.543
39.72	242.020297913791	152.224
39.72	243.014395477605	118.64
39.72	252.9353970939	1512.26
39.72	253.93655471782	175.226
39.72	254.919171332313	151.409
39.72	255.986452121769	104.002
39.72	269.008109740225	187.202
39.72	309.105183252861	201.579
39.72	360.955039299488	250.089
39.72	372.873015240795	559.099
39.72	373.878520357206	113.452
39.72	377.943923095771	158.571
39.72	380.96439612853	149.083
39.72	390.875290080243	229.024
39.72	446.847608174729	219.167
39.72	480.895527855651	378.875
39.72	492.79911770168	105.004
39.72	510.807713881652	1473.1
39.72	511.80726927505	184.036
39.72	512.811792611611	115.896
39.72	545.818689403484	124.512
39.72	600.820075112156	181
39.72	630.734709727831	1706.56
39.72	631.734705864434	591.706
39.72	632.74505573036	254.941
39.72	706.720447607028	111.027
39.72	720.745089689198	195.547
39.72	750.668511765378	1183.57
39.72	751.669291033007	375.267
39.72	752.65642163834	237.92
39.72	870.588113638942	493.89
39.72	871.600239194558	328.119
39.72	872.603532067093	140.793
39.72	990.515121455278	239.577
39.72	991.521969964574	138.762
39.72	992.514688399775	125.166
42.24	65.0867652859432	113.818
42.24	93.0691251887902	143.001
42.24	121.057850675319	724.819
43.8	121.05702569958	324.302
43.8	149.048347533203	160.172
44.82	97.064262199677	135.224
44.82	106.100720346451	360.45
44.82	107.05106290221	161.086
44.82	110.05481641707	153.604
44.82	111.125292594815	2311.23
44.82	116.079695321499	283.81
44.82	120.04949268544	321.789
44.82	121.058417991393	1533.03
44.82	125.054169953617	204.232
44.82	129.10030554641	115.452
44.82	136.038691136687	122.538
44.82	139.074102546727	272.058
44.82	149.046921670232	667.162
44.82	150.058921274739	107.156
44.82	157.088910532873	172.069
44.82	167.99198423616	137.515
44.82	168.063141379434	189.898
44.82	186.056388902882	117.51
44.82	189.012651402094	144.163
44.82	213.042324805493	156.034
44.82	240.004279079674	148.742
44.82	241.01704713422	976.729
44.82	242.031131228677	161.006
44.82	252.939146105438	1506.3
44.82	254.947345806252	167.783
44.82	255.942453212784	107.111
44.82	255.991593094508	152.66
44.82	360.958479517975	354.882
44.82	372.881564592788	380.785
44.82	373.874167701491	238.302
44.82	377.957441315888	140.494
44.82	378.960977482227	133.017
44.82	390.880097828386	106.81
44.82	391.886004070024	120.003
44.82	446.849678735873	217.592
44.82	480.897043242622	582.342
44.82	481.892637800352	115.82
44.82	492.817016062023	204.268
44.82	499.899527228376	102.431
44.82	500.881613985685	139
44.82	510.813733357431	1488.45
44.82	511.821196902943	369.308
44.82	512.797273367975	138.048
44.82	537.247515610605	102.24
44.82	562.82150022014	100.116
44.82	600.819761180331	212.461
44.82	620.813877533427	167.172
44.82	630.745474526713	1592.4
44.82	631.743304704922	528.544
44.82	632.742728054322	112.509
44.82	720.76691300971	133.446
44.82	721.750803120183	112.349
44.82	738.758606107661	108.326
44.82	750.678937808644	936.014
44.82	751.683080427575	336.68
44.82	752.702041886596	321.592
44.82	762.59586291796	107.531
44.82	870.594844001313	460.42
44.82	871.602363655168	261.792
44.82	990.516673840885	197.073
44.82	991.547610858169	123.227
44.82	1110.44411855461	123.56
44.82	1350.32593501679	109.075
47.34	121.059298133778	461.479
47.34	152.087454976938	109.844
47.34	162.068470195253	110.298
48.9	121.056545760408	238.79
48.9	149.052651482956	224.227
48.9	1490.76607042264	253.514
49.92	106.099017952468	131.072
49.92	110.05495993938	110.199
49.92	111.122872299113	1858.73
49.92	112.12512941058	220.125
49.92	116.081351374253	462.198
49.92	120.055619491715	102.25
49.92	121.056838571887	891.255
49.92	125.043484550216	100.364
49.92	136.038200561905	193.471
49.92	139.075023684766	150.037
49.92	141.091178147048	173.339
49.92	149.050983522521	630.156
49.92	168.057092094973	149.368
49.92	177.076693607407	130.783
49.92	185.055685542436	186.212
49.92	221.067056290656	126.368
49.92	228.005813534117	144.364
49.92	240.002578556093	101.93
49.92	241.018225610299	911.084
49.92	242.013458651491	101.055
49.92	243.022971142479	115.571
49.92	252.935056852508	1260.86
49.92	253.941617163866	170.61
49.92	356.89745505241	143.41
49.92	360.951255650762	292.829
49.92	361.966985456344	111.136
49.92	372.875160669096	260.361
49.92	377.953047758748	186.1
49.92	390.874437164221	258.302
49.92	441.460185283127	121.506
49.92	446.847233004523	469.105
49.92	480.894887995233	194.779
49.92	492.796987681304	126.033
49.92	510.811196406773	1166.03
49.92	511.804807150104	332.225
49.92	512.804245634435	127.375
49.92	600.819053960891	155.674
49.92	601.818731120594	116.36
49.92	612.742910234166	166.449
49.92	630.740691289079	1565.49
49.92	631.747222537605	474.901
49.92	632.745487500369	149.783
49.92	658.736396244831	118.101
49.92	750.659554935783	661.445
49.92	751.665629787447	372.041
49.92	752.657892286591	125.001
49.92	870.593692690186	314.161
49.92	871.591142386225	142.111
49.92	872.593526214592	148.676
49.92	990.510315402891	158.452
49.92	991.517811381818	102.263
49.92	1020.43671186918	104.976
49.92	1110.42873304123	139.364
52.44	121.059808095807	494.412
34.62	111.0917	1783.71
34.62	112.09311275065	115.474
34.62	139.036407989977	143.006
34.62	156.006561949408	106.256
34.62	222.962647692558	112.009
34.62	240.944165664591	429.683
34.62	252.864038897771	250.286
34.62	630.558009301527	119.511
37.14	65.0687291622665	149.727
37.14	95.042329887852	101.083
38.7	65.0655281345591	143.506
38.7	121.024042957215	279.199
38.7	122.028713587742	131.815
38.7	315.898638610071	105.57
39.72	97.0424761755553	186.28
39.72	111.103224127719	1765.93
39.72	112.107214776519	102.288
39.72	121.035272880865	1275.68
39.72	139.044989103132	366.625
39.72	149.019143062087	309.875
39.72	168.02527820996	201.972
39.72	185.017752361629	116.333
39.72	236.899001790636	103.408
39.72	240.963245278305	922.56
39.72	241.970402845112	214.402
39.72	243.950694135015	128.881
39.72	252.883126569525	1796.46
39.72	253.88574310742	140.414
39.72	254.878974769081	153.785
39.72	360.884974262665	488.2
39.72	372.801378138743	468.68
39.72	377.873543210422	318.001
39.72	378.872925606661	122.002
39.72	379.88117581533	219
39.72	380.870113205913	151.435
39.72	390.789451017502	155.93
39.72	413.84782145078	100.045
39.72	480.793979096676	260.198
39.72	492.713154291619	135.633
39.72	498.784889516304	142.612
39.72	500.784636717477	104.98
39.72	510.708790428091	1278.67
39.72	511.713100761316	308.379
39.72	600.707082246328	225.12
39.72	630.616225276392	1187.02
39.72	631.62871918111	691.838
39.72	632.615051903213	213.103
39.72	720.59985204363	137.9
39.72	750.515678050075	895.671
39.72	751.521434378382	295.025
39.72	752.525063138274	172.073
39.72	778.481620672344	172
39.72	870.423771922391	587.84
39.72	871.429129700193	207.667
39.72	872.404367031149	130.857
39.72	921.278233028391	135.658
39.72	990.315023456817	238.258
39.72	991.351486340892	132.136
39.72	1076.01500959644	175.133
39.72	1110.22382386275	142.571
42.24	65.072438786656	479.736
43.8	75.0549076408816	105.012
43.8	121.032658633548	239.447
44.82	103.033088047672	175.472
44.82	111.102762997907	1721.37
44.82	112.102925068148	180.362
44.82	115.060884495176	105.469
44.82	116.054417812677	172.851
44.82	121.033533274868	945.207
44.82	122.038393860939	116.326
44.82	139.048046531471	145.406
44.82	140.048975865939	108.44
44.82	141.064943332226	176.031
44.82	149.019761437413	286.529
44.82	150.024749068737	142.469
44.82	162.029591378447	126.926
44.82	169.040819441451	154.976
44.82	174.059229358777	128.776
44.82	185.021119315818	140.9
44.82	196.006747465654	112.907
44.82	212.996135075514	114.2
44.82	227.9642519119	112.669
44.82	240.967709134017	1114.52
44.82	241.971001600871	157.013
44.82	252.888918911709	1425.35
44.82	253.891513360764	312.132
44.82	254.883128272763	126.605
44.82	360.888283048223	589.677
44.82	372.80576188864	562.041
44.82	373.801053357408	112.145
44.82	380.876775824193	134.033
44.82	390.800798263096	214
44.82	480.797606363396	310.16
44.82	481.806213050335	139.929
44.82	492.723373617304	185.002
44.82	500.787239983785	233.144
44.82	510.715332394738	1171.48
44.82	511.713983511067	273.291
44.82	512.705111268017	125.911
44.82	567.598328202389	110.837
44.82	600.725746385121	107.082
44.82	630.617491009696	1859.97
44.82	631.62626731379	755.734
44.82	632.627255267778	232.125
44.82	633.615500831816	106.783
44.82	658.589680418282	136.859
44.82	706.569653438842	117.594
44.82	750.527700243704	1309.22
44.82	751.532660351306	429.641
44.82	753.510914661163	101.298
44.82	826.470505496503	119.804
44.82	870.441994960261	501.371
44.82	871.432791600282	348.563
44.82	990.32002704263	357.107
44.82	991.335310080508	154.225
44.82	1110.22337116558	254.512
44.82	1230.12700646363	121.556
47.34	65.0725193755651	432.682
47.34	157.055500330841	142.438
47.34	1400.02029249079	261.161
48.9	121.035851325405	160.901
49.92	97.0441703524887	109.633
49.92	111.102143197368	1774.9
49.92	116.057907322597	246.212
49.92	121.033708137354	584.022
49.92	139.051902542107	107.174
49.92	149.020592606767	302.39
49.92	162.031195149884	120.202
49.92	168.032044439911	188.01
49.92	169.03700970758	189.25
49.92	185.014924287854	107.926
49.92	188.976396690247	277.175
49.92	221.027838722804	100.163
49.92	227.97663857312	127.408
49.92	240.965316747089	986.459
49.92	241.959033249065	127.298
49.92	252.886012753122	1258.63
49.92	253.885237573115	186.259
49.92	256.948297623756	108.926
49.92	360.892974729937	337.458
49.92	361.889466904463	190.694
49.92	372.808481685232	368.225
49.92	373.821064671271	152.64
49.92	377.874988151992	180.571
49.92	390.80082792021	350.038
49.92	480.801488142555	257.516
49.92	492.731729534261	133.562
49.92	500.792928410965	124.187
49.92	510.710848427037	852.568
49.92	511.711395341237	249.818
49.92	512.705706532651	133.452
49.92	618.700759255494	136.39
49.92	630.615936243005	1606.44
49.92	631.624897429874	461.445
49.92	632.615004325842	295.514
49.92	720.627619487366	106.05
49.92	738.603960345169	157.671
49.92	739.647846672442	102.008
49.92	750.524596618735	1110.52
49.92	751.519644073903	336.007
49.92	752.535221552967	170
49.92	870.433184535754	655.455
49.92	871.43951218892	178.333
49.92	990.311471460823	328.01
49.92	991.320494403109	152.107
49.92	1042.12702341417	127.811
49.92	1110.23195370992	109.012
49.92	1111.24080866254	100.01
52.44	65.0728336648248	101.686
52.44	156.208365779292	257
34.32	111.0917	1423.01
34.32	240.944807953351	309.417
34.32	309.021452891217	141.61
34.32	388.831691818912	100.391
36.84	75.0468939134296	141.224
38.34	1572.5958965102	161.564
39.42	111.0917	1178.24
39.42	112.095092220616	122.324
39.42	116.052065763272	193.331
39.42	121.021610614616	752.995
39.42	122.023711817801	186.011
39.42	139.034201811111	204.222
39.42	149.009955192643	126.613
39.42	168.015095470712	177.282
39.42	195.977052529279	121.694
39.42	212.975848696186	123.882
39.42	229.9638045176	115.051
39.42	240.944877176494	1093.88
39.42	241.952271707103	259.174
39.42	252.86482009486	1653.78
39.42	253.862612032827	307.222
39.42	254.855259831207	160.868
39.42	328.829924132738	103.055
39.42	360.852758648324	339.764
39.42	372.769865465154	368.258
39.42	373.769011008456	145.089
39.42	377.840674772881	191.487
39.42	380.83430049387	171.86
39.42	390.765043850586	177.84
39.42	480.762688591474	329.141
39.42	492.666642590014	285.681
39.42	500.723017886594	154.012
39.42	510.657694970368	1258
39.42	511.664554870184	337.163
39.42	512.669417290325	113.009
39.42	566.604386231133	115.003
39.42	600.654202883317	148.207
39.42	618.64194382093	246.111
39.42	630.565833784365	1761.64
39.42	631.568672362986	813.13
39.42	632.551911573121	225.002
39.42	639.331701419645	109.237
39.42	686.499958414177	122.002
39.42	750.452485033791	1408.36
39.42	751.449408993378	386.934
39.42	752.443201553512	165.674
39.42	762.375853088016	167.892
39.42	870.335571805022	498.699
39.42	871.349148630746	190.042
39.42	872.344113491453	106.391
39.42	990.234710924692	260.571
39.42	1110.09977406355	149
41.94	77.0594576375414	196.75
43.44	121.023628460696	104.966
44.52	111.0917	906.506
44.52	117.050330939322	113.166
44.52	121.019867025382	717.04
44.52	141.045066002574	121.306
44.52	149.000252670359	124.896
44.52	168.012601394621	203.012
44.52	188.959167383582	176.125
44.52	194.976363592955	105.347
44.52	240.939317077162	1266.09
44.52	241.943976073664	138.45
44.52	252.856544697616	1185.32
44.52	253.853183854154	170.25
44.52	255.917497075948	103.019
44.52	256.908689659733	157.706
44.52	346.880895814003	129.07
44.52	360.852098862249	461.694
44.52	372.760222084158	298.941
44.52	373.757108702211	132.022
44.52	377.830285261978	130.059
44.52	390.75725266515	163.845
44.52	425.744815959028	150.203
44.52	480.741890799015	191.506
44.52	510.648372476489	975.571
44.52	511.649810813512	341.488
44.52	566.601695681698	153
44.52	600.649138422628	160.641
44.52	601.651218281365	117.036
44.52	618.633139935662	113.593
44.52	630.540351093512	1607.43
44.52	631.550170722833	572.156
44.52	632.538354975099	266.064
44.52	750.435646204057	859.755
44.52	751.433315333941	359.131
44.52	752.445145525814	121.409
44.52	762.32984805739	114.682
44.52	870.318796012346	465.285
44.52	871.326480389291	284.004
44.52	872.323769758244	150.674
44.52	990.207464698936	236.042
44.52	991.209566865497	179.778
44.52	1110.09352775931	159.084
44.52	1229.97924528192	106.531
47.04	65.0648662854019	171.564
47.04	75.0438239041343	153.407
49.62	65.073039908351	155.005
49.62	111.101458686596	823.242
49.62	116.059164706142	110.24
49.62	121.02890454568	512.221
49.62	139.047006191861	118.265
49.62	149.021510574938	334.565
49.62	152.041104944502	167.397
49.62	157.049242277813	101.002
49.62	168.034002276096	113.438
49.62	194.994039487177	195
49.62	196.004905742319	153.969
49.62	240.965407367437	1052.82
49.62	241.966424700841	100.887
49.62	252.88161897304	1043.08
49.62	255.940912623016	247.204
49.62	256.94529154996	118.149
49.62	340.942237075285	125.444
49.62	360.882653540636	555.509
49.62	361.887495134503	119.407
49.62	372.798404480117	484.796
49.62	480.801361981828	146.055
49.62	510.705204844437	1003.41
49.62	511.714150135342	229.579
49.62	600.69027113664	113.307
49.62	601.708374805644	154.882
49.62	618.702995407433	167.902
49.62	630.610749922457	1136.84
49.62	631.621078832079	417.164
49.62	632.613280863364	130.118
49.62	721.591115891682	113.768
49.62	750.514924177357	975.031
49.62	751.520725362822	425.562
49.62	752.510121529784	176.358
49.62	870.402572356755	374.826
49.62	871.411950680468	164.166
49.62	990.320324837441	185.654
49.62	991.306364615981	132.471
49.62	1110.20415972812	233.86
49.62	1112.20296651354	141.76
52.14	152.042655985287	115.131
53.64	1419.9507507238	272.41
