#SEC	MZ	INT
33.48	122.026465930782	1071.06
33.48	150.031447564233	1679.78
33.48	151.031669145399	106.368
33.48	449.011735631936	888.637
33.48	450.023283857774	266.117
33.48	451.008705734102	162.014
34.02	116.04906360778	1304.64
34.02	122.024790827195	535.525
34.02	150.02802890006	1918.07
34.02	449.013924096358	2935.15
34.02	747.995342825358	2011.11
34.02	748.996553187175	609.457
34.02	922.009798	586.522
34.02	1046.98623930122	2853.1
34.02	1047.99120092361	735.889
34.02	1048.98377558763	527.211
34.02	1345.97387279123	1162.75
34.02	1346.96780166192	725.473
34.02	1644.94233216445	515.57
35.94	116.051148698375	157.166
37.38	64.0338785959344	130.971
37.38	122.023669787034	2128.03
37.38	123.027418018232	172.494
37.38	124.031116628982	111.084
37.38	150.030442130059	3847.14
37.38	151.026006646302	230.209
37.38	449.012921834521	2534.61
37.38	450.015670129975	471.16
37.38	451.013457455698	145.222
37.92	150.031798740116	1464.69
37.92	449.008857913271	2691.15
37.92	450.018347421559	614.778
37.92	747.996607412403	1830.08
37.92	1046.98187914611	2962.13
37.92	1047.97216065041	1208.21
37.92	1048.98092613143	635.516
37.92	1345.96642400001	2440.26
37.92	1346.96826768474	1122.44
37.92	1347.96297052131	715.182
37.92	1644.9605506999	750.729
37.92	1645.95171904741	580.456
39.84	157.075994597037	103
41.28	75.0230820654657	284.012
41.28	92.028128478105	195.325
41.28	122.024226876646	2139.65
41.28	150.030406644222	3500.05
41.28	151.034409449653	404.716
41.28	449.00998908142	2396.49
41.28	450.021245253477	458.168
41.28	451.011519012584	197.166
41.82	122.093615446861	540.931
41.82	150.092641113125	1237.02
41.82	448.982403237881	2881.36
41.82	449.982266640669	514.184
41.82	747.842622682023	1308.95
41.82	1046.67964180024	3270.37
41.82	1047.67857305523	987.546
41.82	1048.67003644914	657.714
41.82	1345.50029348048	1950.98
41.82	1346.50139903757	789.456
41.82	1347.50840852762	807.753
41.82	1644.32508992878	849.907
41.82	1645.3229123737	650.28
43.74	398.054835254857	269.255
45.12	53.0676937261907	105.96
45.12	64.0970387106281	150.727
45.12	75.0903611168128	203.4
45.12	92.0972949789007	116.433
45.12	122.091007892341	2136.83
45.12	150.094102745022	4656.22
45.12	150.197053987124	114.049
45.12	151.096408700495	124.471
45.12	448.985883204632	2983.27
45.12	449.978991854591	370.28
45.12	450.98116974804	172.688
45.66	116.048078152931	566.109
45.66	122.019754612391	677.879
45.66	150.00438091546	1880.92
45.66	448.711908439901	3999.17
45.66	449.706745558721	631.473
45.66	747.382811538314	1720.48
45.66	748.374133437701	687.27
45.66	749.378467971734	655.134
45.66	1046.04057161268	3938.16
45.66	1047.04427918515	1190.96
45.66	1048.04026898869	707.637
45.66	1344.68234732315	2537.21
45.66	1345.68513816135	1013.03
45.66	1346.6824348803	898.609
45.66	1643.32006953395	915.908
49.02	75.0463722548536	319.386
49.02	92.040885521042	209.325
49.02	122.017172212556	3706.15
49.02	122.111042206798	109.102
49.02	123.019597367049	189.19
49.02	150.004287281199	5658
49.02	151.00392759234	579.249
49.02	448.711420618322	3607.92
49.02	449.713215172946	742.908
49.02	450.711301623634	315.25
49.56	116.15124932605	532.909
49.56	150.135236981468	1669
49.56	449.102429599428	3646.15
49.56	748.039241184435	2500.02
49.56	749.037979887255	663.74
49.56	1046.95580878222	3140.73
49.56	1047.95943175179	1137.24
49.56	1048.95133883078	749.238
49.56	1345.86186027505	2363.62
49.56	1346.85380277437	1197.73
49.56	1347.85452970056	743.789
49.56	1644.76551949675	762.642
51.48	79.1091231834071	106.255
52.92	75.1116076897518	104.166
52.92	122.12389038959	1647.02
52.92	123.125743210695	130.061
52.92	150.13361564698	3611.53
52.92	151.139783607459	303.849
52.92	449.103172970008	2319.21
52.92	450.109292826609	293.782
52.92	451.084638491383	149.25
52.92	462.172807220807	129.211
53.46	150.030947354249	639.002
53.46	449.008572740164	1549.24
53.46	747.988929168779	1084.55
53.46	922.009798	577.625
53.46	1046.96731899922	1533.33
53.46	1047.97537193179	564.363
53.46	1345.94733552431	998.358
56.76	92.0235280641022	125.139
56.76	118.760224708492	126.457
56.76	122.024298452026	859.194
56.76	123.02924940527	104
56.76	150.031127333535	1650.49
56.76	151.032317412197	102.723
56.76	449.007699894871	1043.02
56.76	450.011607840787	186.042
56.76	451.007045199986	102.668
56.76	462.082710597787	107.51
57.3	297.139917724001	562.752
57.3	449.010192904999	924.184
57.3	922.009798	554.966
57.3	1046.96714555716	838.562
60.66	75.0246092428776	154.25
60.66	122.026354595872	526.897
60.66	150.030319655342	1509.3
60.66	151.035885842203	148.211
60.66	449.00641093762	536.044
60.66	450.006296006785	184.093
60.66	462.088431258313	105.091
61.2	297.243590687852	559.274
61.2	449.099044006173	566.531
61.2	748.027523975995	537.236
61.2	922.009798	573.325
64.56	122.12340553033	628.297
64.56	150.134270529574	1039.6
64.56	151.132419401533	130.002
64.56	449.093125901965	771.865
64.56	451.106355470844	135.88
33.6	75.0228440772371	270.901
33.6	92.0239444462736	223.9
33.6	122.021224642725	1830.65
33.6	150.028165864465	4156.76
33.6	150.133592178459	101.233
33.6	151.031171693395	206.225
33.6	449.003452936291	2686.45
33.6	450.003225470878	591.016
33.6	451.01290783173	209.012
34.14	116.049399832516	1377.17
34.14	122.025085181889	621.231
34.14	150.029891858823	2949.89
34.14	449.00760638625	4068.62
34.14	450.014448047576	706.677
34.14	747.991273997384	3051.41
34.14	749.000607363212	994.25
34.14	922.009798	739.21
34.14	1046.97586586215	2727.09
34.14	1047.97975483409	1176.99
34.14	1048.97221450807	719.389
34.14	1345.9543967898	1707.45
34.14	1346.96788655914	858.778
34.14	1347.94810772522	736.546
34.14	1644.92799777387	902.668
36.06	148.037524477785	285.498
36.06	782.385645304337	148.698
37.44	51.0253951609962	124.078
37.44	75.022712000394	123.267
37.44	92.0235057662792	213.8
37.44	122.023310455954	2979.59
37.44	123.026525710465	155.162
37.44	150.030300191656	6671.41
37.44	150.135571386319	115.479
37.44	151.031591108435	408.651
37.44	449.007699141228	3586.38
37.44	450.012435251709	1076.73
37.44	451.012319173619	412.68
37.98	116.04865390456	645.004
37.98	150.030071873285	1538.99
37.98	449.009978447008	3961.58
37.98	450.015454876922	768.968
37.98	747.998806638372	2300.26
37.98	749.005686184375	653.416
37.98	922.009815642786	628.04
37.98	1046.98993667653	3187.51
37.98	1047.98718974164	1430.84
37.98	1048.98748328176	972.247
37.98	1345.96437206386	2283.02
37.98	1346.97140554399	1498.48
37.98	1347.95437953564	731.324
37.98	1644.96407643237	866.166
37.98	1645.96652615563	698.681
39.9	51.0251245738191	108.535
39.9	148.042347896777	221.481
39.9	181.736373669081	204.111
41.34	122.022340659628	3001.47
41.34	123.03030510246	362.064
41.34	150.027824652588	4219.88
41.34	150.132132218983	110.852
41.34	449.010732578767	2330.67
41.34	450.007124508328	420.099
41.34	451.008947563008	320.042
41.88	111.0917	618.022
41.88	122.017322433181	795.643
41.88	150.02778075286	1199.06
41.88	449.007631156763	2508.82
41.88	450.007919470793	612.852
41.88	747.98942874021	1615.15
41.88	922.009798	636.779
41.88	1046.97913168293	2667.28
41.88	1047.98843968523	801
41.88	1048.97675440436	610.783
41.88	1345.96762013419	1536.33
41.88	1346.94951379458	692.667
41.88	1347.9727187875	765.549
41.88	1644.94173957073	674.893
41.88	1943.9432693923	648.704
43.8	122.023043651733	170.043
43.8	148.038163191927	157.16
45.24	75.0199241115347	128.091
45.24	92.025753683524	198.167
45.24	122.021215043034	2027.65
45.24	123.025147605798	118.538
45.24	150.027666270368	3994.28
45.24	151.031207043165	115.976
45.24	449.006189233253	2742.41
45.24	450.004251266399	423.438
45.24	451.008819321442	378.261
45.24	1401.8233635054	141.736
45.78	150.031611171425	1552.36
45.78	449.011078490629	3717.45
45.78	747.990224484035	1984.01
45.78	922.009798	813.04
45.78	1046.97614941676	2798.89
45.78	1047.98393952982	1022.63
45.78	1048.98344338716	1011.37
45.78	1345.95860739143	2100.88
45.78	1346.95491559294	770.938
45.78	1347.94746946833	599.042
45.78	1644.93122820156	884.18
47.7	148.033902757151	173.045
49.08	75.0257734549037	219.753
49.08	92.0272861731154	200.078
49.08	122.026857604006	3170.48
49.08	150.032201141304	5908.8
49.08	150.137273741257	150.39
49.08	151.029236927964	159.805
49.08	449.008809417159	3553.15
49.08	450.007646537379	676.545
49.08	451.004783071209	178.926
49.08	741.919197300389	250.965
49.62	116.048060194451	762.737
49.62	122.02412720592	569.723
49.62	150.029932162539	1429.32
49.62	449.009755936061	3904.06
49.62	450.016939243643	632.076
49.62	747.994782197561	2986.47
49.62	749.006881569886	668.352
49.62	922.009798	642.502
49.62	1046.98358567044	4131.77
49.62	1047.98130556614	1768.45
49.62	1048.97727453318	896.167
49.62	1345.97196390918	2377.03
49.62	1346.96646504193	1167.65
49.62	1347.96498892877	887.868
49.62	1644.94681442868	1049.53
49.62	1645.95497125879	735.001
49.62	1943.93786603859	612.213
52.98	74.0145304975506	128.083
52.98	75.0240003293406	108.761
52.98	122.023545559456	2576.97
52.98	123.027004681395	319.861
52.98	150.028534870442	3985.67
52.98	150.132268435844	101
52.98	151.035218450136	280.738
52.98	152.033047235659	130.006
52.98	413.674804872054	180.284
52.98	449.009996598358	3083.5
52.98	450.016825502065	556.119
52.98	451.004248078052	273.45
52.98	462.079202532465	156.282
52.98	464.06997754903	132.96
52.98	1756.91691757911	158.066
53.52	150.028297048705	1325.01
53.52	449.009100617064	2274.21
53.52	747.991926397652	1593.79
53.52	922.009871438025	793.396
53.52	1046.96627229972	2166.03
53.52	1047.98029387623	695.414
53.52	1048.97448991635	567.082
53.52	1345.9532568136	1549.91
53.52	1346.94614743099	606.463
55.44	164.112182086558	112.617
56.88	75.0239737869872	244.116
56.88	122.023217964694	1502
56.88	150.02943198373	1743.92
56.88	151.028598760619	264.413
56.88	449.006427073713	1886.95
56.88	450.003192637444	124.779
56.88	451.004635398167	162.658
56.88	462.071959173935	134.925
56.88	464.112331696564	133.05
57.42	150.135815927771	522.021
57.42	449.102329358423	1326.63
57.42	748.038915234482	1293.25
57.42	922.009798	825.622
57.42	1046.9523053218	1453.33
57.42	1047.95830265753	577.615
57.42	1218.86051474738	523.483
57.42	1345.86560007502	684.184
60.72	92.1262923587728	114.216
60.72	122.124330166093	1212.09
60.72	150.135713557663	1539.15
60.72	151.133115217478	120.166
60.72	449.108205561161	1216.33
60.72	450.109771091999	200.207
60.72	451.099031204413	204.136
60.72	462.18224667208	177.596
60.72	683.101113619868	111.161
61.26	150.001370279774	998.612
61.26	296.989252825731	647.372
61.26	448.705223444616	1538.38
61.26	747.375173250401	1000.27
61.26	919.135779854264	570.669
61.26	1046.02813124877	950.983
61.26	1217.77393575044	552.382
61.26	1344.67245285687	725.002
63.18	122.010443287324	110.778
64.62	122.015378843913	1410.84
64.62	123.025276542722	144.789
64.62	150.002715458203	1868.57
64.62	151.004145652101	260.053
64.62	350.755779674687	271.516
64.62	448.709720595137	1025.08
64.62	449.702196073612	452.226
64.62	450.705017461503	129.018
33.48	64.0319532999177	124.009
33.48	92.0219939444558	104.243
33.48	122.023567424699	2124.06
33.48	150.028613321799	3589.16
33.48	151.031906469388	216.036
33.48	438.062985442827	359.631
33.48	441.073699088578	105.802
33.48	449.008308538132	2449.65
33.48	450.010397632567	519.023
33.48	451.011437369397	259.035
33.48	451.994107200619	101.267
33.48	707.692336373019	272.004
34.02	116.119123389307	1036.94
34.02	150.0947989807	2310.8
34.02	448.983250052028	3303.84
34.02	449.988529581117	539.444
34.02	747.838648667674	2590.31
34.02	748.838978599309	532.128
34.02	1046.67478347712	2569.17
34.02	1047.67200823528	1349.57
34.02	1345.50686664808	1496.47
34.02	1346.49981814113	791.679
34.02	1347.49319158159	602.065
34.02	1644.32836539075	778.416
35.94	122.09192640198	175.72
37.38	92.0947509937188	262.601
37.38	122.091806478634	3677.24
37.38	122.185056431714	106.309
37.38	123.093857546442	545.125
37.38	150.094441761378	6322.88
37.38	150.198572754827	155.474
37.38	151.095378411668	336.524
37.38	448.983867626873	4099.59
37.38	449.174251990579	113.939
37.38	449.984307410234	686.663
37.38	450.980517907647	401.681
37.92	116.118226300777	766.107
37.92	122.091233812191	639.087
37.92	150.094038498719	2644.32
37.92	448.982378566322	4380.32
37.92	449.985961745421	969.806
37.92	747.841352905678	3003.75
37.92	748.836862991061	994.332
37.92	1046.67933955703	3969.9
37.92	1047.67640322394	1382.31
37.92	1048.67360621052	892.979
37.92	1345.50108761184	2728.58
37.92	1346.50831114934	1364.41
37.92	1347.4951293932	994.28
37.92	1644.3253648199	1033.85
37.92	1645.3122727153	555.401
37.92	1646.30541925537	685.156
39.84	93.1251575568965	107.449
39.84	122.089232111919	124.812
41.22	75.0904679511826	255.001
41.22	92.0990288222541	108.441
41.22	106.098443845449	110.455
41.22	122.091414204734	2195.1
41.22	123.095889261877	206.966
41.22	150.095189387592	4179.86
41.22	151.099057248412	313.669
41.22	448.982501912102	2845.17
41.22	449.159250698737	101.522
41.22	449.983888212464	429.017
41.76	150.029496614398	1709.63
41.76	449.011024563811	2837.19
41.76	748.000178170147	2050.66
41.76	749.002718511028	567.157
41.76	922.009798	526.422
41.76	1046.97943371204	2749.66
41.76	1047.98099940586	1098.39
41.76	1048.97255946282	647.001
41.76	1345.967019248	2460.11
41.76	1346.96222399492	923.273
41.76	1347.96290694814	651.019
41.76	1644.94998402809	742.65
43.68	148.034848675754	137.062
45.12	63.0248651088605	124.23
45.12	75.0245414102188	194.681
45.12	92.025462598852	123.337
45.12	122.024021741999	3387.44
45.12	123.0230632671	200.201
45.12	150.029649857879	4724.57
45.12	150.133022094078	100.226
45.12	151.02902376826	615.939
45.12	449.010322789587	3777.43
45.12	450.014181083999	769.2
45.12	451.015014448117	365.365
45.66	111.0917	612.655
45.66	116.049597365631	603.984
45.66	122.021710259394	746.654
45.66	150.028865338502	2431.69
45.66	449.003098360572	3886.91
45.66	450.005923791423	789.766
45.66	747.988385673788	2785.98
45.66	748.984841042046	885.291
45.66	1046.96686332122	3623.62
45.66	1047.97106776337	1620.82
45.66	1048.97970822981	897.594
45.66	1345.94571223727	2341.54
45.66	1346.95316695041	1364.51
45.66	1347.96822587692	752.276
45.66	1644.93297305209	813.722
47.58	148.035791042316	134.597
49.02	75.0244458335061	106.508
49.02	92.0267094853325	196.009
49.02	122.023170221321	3546.25
49.02	122.113387147813	110.365
49.02	123.023444334621	326.109
49.02	150.02907526465	7928.11
49.02	150.133498500595	175.018
49.02	151.02869614973	434.625
49.02	449.006529771766	4469.93
49.02	450.012369416729	888.623
49.02	451.002639818334	324.964
49.02	452.001470374066	104.08
49.02	828.96091937917	155.034
49.56	116.050043171341	1080.33
49.56	122.024073501295	653.945
49.56	150.03020241577	3004.67
49.56	449.008425292557	4726.04
49.56	450.007210961581	623.323
49.56	747.988456134402	3342.05
49.56	748.998688314913	886.669
49.56	749.98544758926	557.36
49.56	922.009798	618.001
49.56	1046.96904971925	4364.38
49.56	1047.97304677936	1661.14
49.56	1048.97420571546	775.1
49.56	1345.94417931453	2638.45
49.56	1346.95986109515	1042.4
49.56	1347.95546931616	665.801
49.56	1644.93248718438	853.076
49.56	1645.92943177057	673.28
49.56	1646.93353432769	560.578
51.48	150.026426144872	151.46
51.48	604.894452634342	263.875
52.86	75.0240137977012	134.705
52.86	92.0245978224677	136.942
52.86	122.023730251691	2412.63
52.86	123.031988887336	265.306
52.86	150.029704959047	4438.83
52.86	151.028890599401	237.266
52.86	449.010202928833	2980.53
52.86	450.010967398586	414.312
52.86	451.015463069434	345.88
52.86	462.093412034557	121.604
53.4	111.0917	721.518
53.4	116.052283477913	607.748
53.4	122.024330213821	680.092
53.4	150.031629193744	1025.63
53.4	449.010754590226	3287.35
53.4	747.996740519195	1688.07
53.4	922.009798	847.109
53.4	1046.98157183558	1968.87
53.4	1047.98167439581	706.21
53.4	1218.91857547347	501.263
53.4	1345.9600929737	1184.21
53.4	1346.95730214826	644.816
55.32	59.3071937565232	259.125
56.76	51.024996217044	102
56.76	75.0230231480332	142.023
56.76	122.0263112095	1396.3
56.76	150.030361253858	2523.26
56.76	151.034549139878	164.792
56.76	449.014693501292	1852.61
56.76	450.023082340884	316.73
56.76	451.012473877234	225.476
56.76	462.101833998695	110.25
57.3	116.04854953051	602.258
57.3	150.029996056522	734.369
57.3	297.145580399448	1026.8
57.3	449.011812162948	1307.98
57.3	748.006384372999	605.784
57.3	922.009798	872.818
57.3	1046.97413510586	865.347
57.3	1345.96947506021	611.788
59.22	122.029520498422	103.385
60.66	122.024589261154	801.409
60.66	150.030255532351	1229.6
60.66	151.035811882364	101.695
60.66	449.013780208012	692.165
60.66	450.019703034639	194.911
60.66	877.296520470812	271.255
61.2	74.096276915155	725.823
61.2	150.030998286939	687.238
61.2	297.147461794856	656.926
61.2	449.00842344433	1072.12
61.2	747.991390263805	724.019
61.2	922.009798	742.95
64.5	57.7205531769621	270.38
64.5	122.026927959194	911.547
64.5	123.028043983431	215.9
64.5	150.031225810113	1021.9
64.5	449.011431144778	914.485
33.24	75.0913135907751	288.167
33.24	92.0967429372194	639.742
33.24	122.09151498091	7100.89
33.24	122.185954038915	196.235
33.24	123.095790299989	337.56
33.24	150.094695787359	3352.16
33.24	151.091656978697	161.76
33.24	1257.25249297425	282.877
33.78	122.022137397035	899.54
33.78	150.029130550505	1973.43
33.78	449.01242510423	3227.21
33.78	450.020125645137	919.853
33.78	747.997765466044	2632.14
33.78	748.994942349522	728.551
33.78	1046.98787015425	3304.14
33.78	1047.99019548829	1129.31
33.78	1048.99143198161	709.112
33.78	1345.96534006946	2289.05
33.78	1346.97770925258	851.561
33.78	1347.97720644658	756.445
33.78	1644.953773103	959.369
35.7	51.0231958818174	125.286
37.08	75.0228006462701	302.245
37.08	92.0252392048566	342.08
37.08	93.0272913408394	117.875
37.08	122.023097453772	4897.53
37.08	122.116640033198	132
37.08	123.023993566558	515.178
37.08	150.029718696702	2760.94
37.08	151.026138770222	140.837
37.62	150.135739826661	1010.56
37.62	449.104347458661	2664.14
37.62	748.039704811037	1668.32
37.62	749.033534483798	516.934
37.62	1046.95646882941	2632.15
37.62	1047.96140850603	1162.41
37.62	1048.94616079887	562.264
37.62	1345.86158968663	1811.6
37.62	1346.86645833368	939.571
37.62	1644.75354081982	707.711
37.62	1645.76482998999	520.214
40.98	75.1111619294622	129.923
40.98	122.123903530656	3136.1
40.98	123.127350342838	132.705
40.98	150.134719160714	1407.44
40.98	151.134645553952	102.375
40.98	771.711191674439	275.014
41.52	111.0917	668.679
41.52	150.027955756414	560.096
41.52	449.002300518702	1658.48
41.52	747.992030664143	986.829
41.52	1046.97645012477	1994.61
41.52	1047.9838382809	1021.43
41.52	1345.95888013395	1276.42
41.52	1346.9435899569	576.107
41.52	1347.94475436108	527.347
44.88	75.0204198549968	213.414
44.88	92.0219230208374	149.655
44.88	122.022577875383	4665.07
44.88	122.116140655386	119.077
44.88	123.025022028019	254.272
44.88	150.027766747005	2347.56
44.88	151.030475766404	397.32
45.42	111.0917	650.13
45.42	150.030253074834	1754.78
45.42	449.006091790655	2597.4
45.42	450.00575331276	540.001
45.42	747.991158261659	1784.6
45.42	922.009798	653.893
45.42	1046.97460646157	3296.36
45.42	1047.97536823291	974.397
45.42	1048.9764448733	585.28
45.42	1345.95081235814	2074.9
45.42	1346.95074102303	1202.94
45.42	1347.93620976217	582.291
45.42	1644.93514174572	668.225
45.42	1943.91058455309	508.007
48.72	75.0246435862261	242.25
48.72	92.0249875631587	302.008
48.72	122.024320258129	7486.23
48.72	122.118757635324	186.554
48.72	123.027440392561	628.359
48.72	150.028884143868	4031.34
48.72	150.133514113384	106.797
48.72	151.030197092494	145.51
49.26	122.024942391715	542.445
49.26	150.029558996848	1549.28
49.26	449.00846497239	2890.44
49.26	747.995817403118	2218.45
49.26	748.99885628912	592.799
49.26	922.009798016358	807.316
49.26	1046.98144436924	3280.65
49.26	1047.97644706981	1400.99
49.26	1048.98453488537	741.64
49.26	1345.96743701353	2428.26
49.26	1346.96720188817	1316.36
49.26	1347.97607550989	734.599
49.26	1644.96424923849	864.334
49.26	1943.93213476236	551.62
51.18	83.2147181314694	273.907
52.62	75.0259766833471	121.24
52.62	92.0246192551185	153.287
52.62	122.024700350447	4722.54
52.62	122.11760842628	114.006
52.62	123.02355661106	218.824
52.62	150.029183591279	1605.82
53.16	150.028988086429	797.032
53.16	449.011492044503	1699.6
53.16	747.995450444529	1137.6
53.16	922.009798	1083.48
53.16	1046.97505836283	2016.24
53.16	1047.96724791682	604.041
53.16	1345.95191497021	1086.78
53.16	1346.95968895652	581.074
55.08	310.997397697302	258
56.52	75.0237657419638	156.4
56.52	122.023438486025	2861.89
56.52	150.029835816931	1662.71
56.52	401.236453747799	112.333
56.52	462.090372969565	121.125
57.06	150.03252294578	744.78
57.06	449.013810453014	1159.31
57.06	747.990319564999	704.238
57.06	922.009798	525.805
57.06	1046.97744260369	1019.12
57.06	1345.96410873894	647.761
60.36	66.0342882202059	133.026
60.36	75.0247950196071	171.845
60.36	122.026892000825	1692.64
60.36	123.033158224791	171.026
60.36	150.031510692062	1553.14
60.9	150.029977126937	795.601
60.9	297.143182022789	659.141
60.9	449.007466006202	713.609
60.9	747.994040797265	578.206
60.9	922.009798	830.1
60.9	1046.97693017852	828.369
60.9	1345.96850108873	518.694
62.82	120.041570517665	109.41
64.26	75.0239883930086	168.183
64.26	92.0252581762185	180.091
64.26	122.024522311419	1809.31
64.26	123.026117598278	273.307
64.26	125.021723259623	100.121
64.26	150.029486384168	642.499
64.8	150.028917497117	569.975
64.8	922.009798	620.717
64.8	1046.98868047112	651.029
33.18	462.176077724133	161.273
33.18	464.238124206708	118.533
33.72	111.0917	942.129
33.72	150.030228885913	772.615
33.72	922.009798	694.8
37.08	75.0224610624384	120.495
37.08	122.023818086108	3509.02
37.08	123.025880491917	229.862
37.08	150.029678338942	4819.03
37.08	150.134653582002	112.965
37.08	151.029369662309	422.582
37.08	438.074567208616	104.5
37.08	449.009180451098	2358.77
37.08	450.005837808725	516.123
37.08	451.010177335682	164.75
37.62	116.055007653061	591.674
37.62	150.032162593617	2103.28
37.62	449.009005400117	3815.57
37.62	450.014217165888	590.408
37.62	747.984807750564	2448.9
37.62	748.990019189867	729.292
37.62	749.990190740748	607.083
37.62	1046.96145987466	3867.46
37.62	1047.96026060143	1302.12
37.62	1048.95919901123	707.014
37.62	1345.94404996672	2548.83
37.62	1346.94269236664	1033.15
37.62	1347.95509750625	642.13
37.62	1644.9081820889	1204.64
37.62	1645.92289586342	676.088
39.54	122.028731821801	112.883
40.92	75.0260035879384	178.048
40.92	122.027211230929	2768.77
40.92	123.032147141027	173.911
40.92	150.033050141128	4827.03
40.92	150.137880398236	117.002
40.92	151.03557160243	501.091
40.92	449.007467373252	2231.93
40.92	450.008684000225	322.837
40.92	451.022893017344	163.17
40.92	493.477433799016	144.441
41.46	150.02918430628	1474.26
41.46	449.009802670572	2373.37
41.46	748.003067169629	1593.02
41.46	748.996072309822	530.072
41.46	922.009798	560.655
41.46	1046.98889063028	2025.04
41.46	1047.98394387452	925.333
41.46	1345.97231443048	1544.92
41.46	1346.98072829654	1051.44
41.46	1644.96405325206	991.18
43.38	854.616569329235	277.637
44.82	92.0261449699269	138.105
44.82	122.023390636322	2122.83
44.82	150.029193966222	3374.55
44.82	151.030753397858	294.441
44.82	449.009351564178	1722.03
44.82	450.004694986675	228.207
44.82	450.995054697074	121.142
45.36	150.028679601221	1238.03
45.36	449.007963054938	2269.63
45.36	747.984659776392	1566.18
45.36	748.988425919691	506.03
45.36	922.009798	511.001
45.36	1046.96817553006	2633.64
45.36	1047.96048037774	956.742
45.36	1048.9531867741	591.023
45.36	1345.92855750211	1660.53
45.36	1346.94708686462	1042.21
45.36	1347.93076206387	764.813
48.72	75.0217506209795	125.382
48.72	92.0238542430699	103.84
48.72	122.02486558034	2780.68
48.72	123.026538276417	292.08
48.72	150.030443323455	4303.33
48.72	150.134815078014	106.28
48.72	151.03619950548	246.03
48.72	449.00286346101	1604.4
48.72	450.000470733458	288.463
48.72	451.009361323071	273.327
49.26	150.028187568595	1108
49.26	449.010476383725	3090.81
49.26	747.991880361237	2230.74
49.26	1046.98333979955	2836.43
49.26	1047.98420121387	1348.71
49.26	1048.99460124719	685.125
49.26	1345.96968965192	2377.79
49.26	1346.9637540779	914.684
49.26	1347.97083228412	594.058
49.26	1644.96185072976	1020.52
49.26	1645.94810169878	606.824
51.18	122.023506899139	224.157
51.18	767.97930815602	260.225
52.56	92.0248875898115	162.001
52.56	122.022710850048	3231.87
52.56	123.023237483701	148.45
52.56	150.028363922984	6033.02
52.56	150.133470631405	120.587
52.56	151.028673574318	473.488
52.56	449.010492570533	2235.05
52.56	450.013181659202	324.891
52.56	451.007233048738	304.799
52.56	452.023275496193	120.84
53.1	150.029489541779	1673.09
53.1	449.007485042648	3346.81
53.1	747.99009067791	2355.53
53.1	748.987110606118	702.419
53.1	922.009798	569.07
53.1	1046.97096260433	2927.03
53.1	1047.96491410939	828.232
53.1	1048.97281176208	757.654
53.1	1345.94782463069	1986.72
53.1	1346.96167052843	1069.25
53.1	1347.94546414537	620.919
53.1	1644.93903413525	880.141
53.1	1645.93631016716	571.926
55.02	92.0532235425398	132.399
56.46	75.0292160770908	111.157
56.46	122.024847937039	1765.12
56.46	150.030521063073	3341.99
56.46	150.134563405133	107.543
56.46	151.030017238362	228.56
56.46	449.009189499611	1333.33
56.46	450.016892165101	254.119
56.46	451.013104633973	213.505
56.46	462.084856693715	321.22
57	150.029581282949	1200.02
57	449.006534341117	1821.95
57	747.97796147441	1355.22
57	922.009798	831.993
57	1046.9708956449	1765.16
57	1047.97989004665	725.191
57	1345.94745814832	1030.1
57	1346.9725850816	555.675
57	1347.95349797228	714.457
58.92	107.076471938228	259.042
60.36	77.0320211498787	109
60.36	122.022861903045	1114.58
60.36	150.028384809005	2692.11
60.36	449.003033540777	1033.79
60.36	450.00039996939	351.81
60.36	462.086665406066	287.243
60.36	742.217230623874	282.127
60.36	1361.32693630503	120.065
60.9	150.031171183526	776.159
60.9	449.008344316428	983.107
60.9	747.990166555169	618.307
60.9	922.009798000647	861.58
60.9	1046.97357721496	1249.78
60.9	1345.95479059863	682.124
64.2	122.026155911437	1285.09
64.2	150.033241458018	1842.22
64.2	151.033647583604	153.227
64.2	449.007466878401	835.375
64.2	462.092274897556	125.002
64.74	111.0917	518.746
64.74	150.028232531185	905.362
64.74	449.007394632006	1377.38
64.74	747.996343422043	509.055
64.74	922.009798	634.82
64.74	1046.98780322233	1079.47
64.74	1345.97203121185	587.036
33.06	51.1021984992882	157.286
33.06	75.1136665069201	492.527
33.06	92.1212710424968	617.959
33.06	122.123816220581	5252.46
33.06	122.218053564548	154.216
33.06	123.127051076984	623
33.06	150.132603263247	264.718
33.06	316.178569220326	108.654
33.06	411.168820233996	103.107
33.06	1745.22394531703	128.829
33.6	111.0917	871.562
33.6	116.050061876856	979.023
33.6	122.023477641328	788
33.6	150.029375782087	2981.88
33.6	449.009258639593	4174.33
33.6	450.012361494453	813.215
33.6	747.991311408707	2543.16
33.6	748.994195869476	590.149
33.6	922.009798	834.263
33.6	1046.9737030683	2767.98
33.6	1047.98090214808	1274.51
33.6	1048.97312221229	769.429
33.6	1345.95548562981	1657.09
33.6	1346.96146236043	754.575
33.6	1347.9563381737	666.042
33.6	1644.93350602074	686.023
35.52	75.0238576389844	164.314
36.96	51.0243652216732	110.696
36.96	52.0175445725486	133.671
36.96	75.0243898653486	1284.05
36.96	76.0227125478286	192.227
36.96	92.0254044095744	1380.92
36.96	93.0278451287333	193.82
36.96	122.025141586567	11064.9
36.96	122.117074604474	248.703
36.96	123.026945508623	985.201
36.96	124.03035550505	117.166
36.96	150.028364079714	683.003
36.96	156.595321227289	260.125
37.5	116.049944576328	518.564
37.5	122.024358276549	995.331
37.5	150.029534478583	2279.19
37.5	449.011603504445	4909.98
37.5	450.016356242793	883.011
37.5	747.997422803343	3298.24
37.5	749.001891754673	734.607
37.5	750.003667166939	517.14
37.5	922.009798	555.163
37.5	1046.98613841765	4136.21
37.5	1047.99876269041	1441.58
37.5	1048.98668553669	1035.6
37.5	1345.97448935171	2834.38
37.5	1346.98072858457	1279.03
37.5	1347.96597421037	918.018
37.5	1644.96096730011	1010.11
37.5	1645.96471472005	642.837
39.42	51.0226654822172	103.438
40.86	51.0219542013979	141.142
40.86	64.0313085554105	200.284
40.86	68.9983854754738	103.694
40.86	75.022831698398	804.901
40.86	92.0256606405092	611.602
40.86	122.023848837012	7250.85
40.86	122.1165653734	216.112
40.86	123.027193894339	597.007
40.86	150.02971490334	442.855
41.4	150.029987624826	1699.79
41.4	449.007704019987	2744.17
41.4	450.010322227307	603.083
41.4	747.98642122253	1763.08
41.4	748.991308237179	692.036
41.4	922.009798	644.745
41.4	1046.97547094216	2487.06
41.4	1047.97654602794	840.043
41.4	1345.95048669793	1888.53
41.4	1346.95518642812	901.149
41.4	1347.94834107696	755.289
41.4	1644.92180906729	812.5
44.7	51.0250482975313	169.885
44.7	75.0253029928381	985.754
44.7	92.0291130899823	947.668
44.7	107.127731325892	264.57
44.7	122.024188529017	6891.44
44.7	122.118271517215	165.012
44.7	123.029926067717	885.719
44.7	150.030183825008	600.522
44.7	151.029446348683	114.432
44.7	666.112435970426	276.778
45.24	122.092818607739	575.241
45.24	150.093807293427	1904.21
45.24	448.984110373463	3412.78
45.24	449.994079926957	694.686
45.24	747.837615526199	2522.64
45.24	748.840594586776	870.333
45.24	1046.67523330653	3619.56
45.24	1047.68021351169	1241.61
45.24	1048.67714939825	1066.23
45.24	1345.50896850119	2206.29
45.24	1346.50912226452	1236.25
45.24	1347.4974688456	762.341
45.24	1644.33333765241	821.333
47.16	55.0787373968201	117.509
47.16	79.0890053272047	112.143
47.16	92.1206231860103	114.674
48.6	52.0821565015697	239.083
48.6	64.0978082165716	118.491
48.6	75.091704559029	1371.41
48.6	76.0948645334778	203.661
48.6	92.0947792107437	1726.14
48.6	93.0978925989095	202.841
48.6	122.092039141862	13568.7
48.6	122.185884417022	306.136
48.6	123.09361206275	1279.5
48.6	124.098339420299	164.179
48.6	150.093016347741	917.665
48.6	557.894859736262	266.882
49.14	122.01810718107	924.564
49.14	150.00263869173	3549.26
49.14	448.707963786455	6285.51
49.14	449.708162070616	1394.61
49.14	747.377049092939	4331.4
49.14	748.374371999992	1245.96
49.14	749.377554421403	623.613
49.14	1046.03486186646	4892.89
49.14	1047.03610315664	1848.38
49.14	1048.03343132341	1213.65
49.14	1344.68291232727	3035.61
49.14	1345.67375129884	1668.87
49.14	1346.68117130531	920.449
49.14	1643.31673613156	1191.14
49.14	1644.31162323917	710.184
49.14	1645.29936414493	666.01
49.14	1941.93896210734	500.524
51.06	1165.69022771897	267.853
52.5	64.0576841770159	156.92
52.5	75.0467597029605	914.97
52.5	76.0502216789561	197.804
52.5	92.0379354360723	1275.08
52.5	93.0437723548762	146.841
52.5	122.01691034333	10150.5
52.5	122.112443854508	305.847
52.5	123.019441552855	1080.75
52.5	150.001455364208	963.119
53.04	122.023437315855	531.264
53.04	150.031529692765	1577.8
53.04	449.014309146951	3012.27
53.04	747.996816846756	1871.69
53.04	748.986654792865	552.753
53.04	922.009798	895.01
53.04	1046.98265307883	2576.55
53.04	1047.99013587136	1031.88
53.04	1048.97550069937	657.901
53.04	1345.95567178433	1616.69
53.04	1346.96723233188	799.367
53.04	1347.96239672422	557.308
53.04	1644.93780589918	769.752
54.96	1110.24307910581	133.09
56.34	75.02450901241	869.971
56.34	92.028709097887	629.004
56.34	122.025627300293	6025.04
56.34	122.119931399601	127.602
56.34	123.024434352728	335.061
56.34	150.032036895011	657.012
56.94	150.027816000788	1702.26
56.94	449.01032345142	2271.07
56.94	747.994551035456	1387.03
56.94	919.932961625351	500.016
56.94	922.009798	825.143
56.94	1046.97883517352	1492.94
56.94	1047.97696764959	847.018
56.94	1345.96291029109	837.184
60.24	67.0189637633432	108.045
60.24	75.0234542951922	638.455
60.24	75.1023008072547	117.025
60.24	92.0263464418579	323.637
60.24	122.023594091655	4619.32
60.24	123.026909144208	241.047
60.24	133.079620330107	113.654
60.24	150.025023479992	227.08
60.24	228.156110534342	107.248
60.78	150.032096052207	911.552
60.78	297.140591111584	695.282
60.78	449.01205332207	1938.85
60.78	747.988821028819	1089.31
60.78	922.009798000524	994.009
60.78	1046.98094864608	1280.4
60.78	1345.94519084709	1025.1
64.14	63.0217526285092	107.602
64.14	75.0264924872322	237.448
64.14	92.0264443562646	400.456
64.14	122.025525158361	3422.79
64.14	123.031897722869	221.533
64.14	150.030839883917	327.2
64.68	111.0917	555.819
64.68	150.028020315303	903.344
64.68	297.140853683998	775.546
64.68	449.007676363587	1675.58
64.68	747.981172476156	860.651
64.68	919.921971761349	546.699
64.68	922.009798	533.034
64.68	1046.96731970058	1133.82
33.12	51.0238469306294	101.681
33.12	64.0312319323138	483.93
33.12	75.0233282145877	2684.11
33.12	76.0259472089705	193.39
33.12	92.0248684654017	2129.01
33.12	93.0284157569271	181.456
33.12	122.022929433248	1683.04
33.12	165.323598186827	140.675
33.66	111.0917	517.39
33.66	116.051786266367	1733.05
33.66	122.026377599724	580.485
33.66	150.032321463499	2596.86
33.66	449.01124421868	4300.19
33.66	450.008598175552	590.025
33.66	747.997800607789	3165.71
33.66	749.000424268526	1027.52
33.66	922.009798	937.688
33.66	1046.98087567208	3468.73
33.66	1047.98787121341	1059.73
33.66	1048.98899556144	565.133
33.66	1345.97279585339	1977.37
33.66	1346.95748520428	845.038
33.66	1347.97038259745	618.143
33.66	1644.93942491285	909.445
35.58	75.0245369979217	121.92
35.58	90.3174245461703	106
37.02	51.0262234206672	103.449
37.02	52.0220140224055	193.018
37.02	63.0234961922199	211.594
37.02	64.0323651467288	754.358
37.02	75.0248784347923	4781.44
37.02	75.0991594204001	126.698
37.02	76.026793098297	342.004
37.02	77.0309177144069	150.105
37.02	92.0276380077399	3299.27
37.02	122.025769046981	3901.61
37.02	122.119314014709	100.017
37.02	123.02552113317	380.836
37.56	116.047869005855	849.013
37.56	122.020405718082	1032.46
37.56	150.027157319731	2481.86
37.56	449.005766940232	4771.28
37.56	450.019355190356	707.963
37.56	451.002872626863	596.144
37.56	747.991887461422	3357.36
37.56	748.991993048902	664.492
37.56	922.009798	509.531
37.56	1046.98061815579	4234.82
37.56	1047.98056716396	1500.84
37.56	1048.97692497692	992.566
37.56	1345.96475499235	2937.12
37.56	1346.96555896038	1461.02
37.56	1347.9631793529	1049.73
37.56	1644.9466969045	1107.92
37.56	1645.9538259241	782.084
37.56	1943.9094495876	504.052
39.48	51.0234911313228	107.008
40.86	51.0205932533332	117.989
40.86	53.9987819154065	120.09
40.86	64.0299168593904	462.986
40.86	75.0216763478349	2907.49
40.86	76.0269572962811	343.824
40.86	92.0238635008659	2307.64
40.86	93.0258665216471	282.858
40.86	122.022774122703	2467.9
40.86	123.025955766427	117.172
41.4	116.143898724733	655.782
41.4	122.119346395823	603.314
41.4	150.128886296991	1624.08
41.4	449.088145844128	3134.22
41.4	450.089926535238	550.604
41.4	748.013629239149	2038.34
41.4	749.017261299281	679.279
41.4	1046.91806727497	2908.87
41.4	1047.92333426917	1230.6
41.4	1048.92219708978	588.488
41.4	1345.82067355446	1923.1
41.4	1346.81055866469	963.563
41.4	1347.83746631772	533.885
41.4	1644.70474696546	727.51
43.32	75.1089898117247	121.565
44.76	51.1002810782028	268.765
44.76	63.1054470364578	145.521
44.76	64.112153602132	390.276
44.76	75.1095697646705	4074.54
44.76	75.1824418795291	136.621
44.76	76.1139113249134	250.001
44.76	92.1165266871653	2331.36
44.76	92.1903070571627	327.006
44.76	93.1218754301895	189.105
44.76	122.121143425359	2352.06
44.76	123.12166746266	151.111
45.3	111.0917	729.018
45.3	122.021162612013	553.002
45.3	150.027848613224	2232.24
45.3	449.000669275492	3728.56
45.3	450.003774195521	749
45.3	747.978187870765	2454.51
45.3	748.980491951059	542.107
45.3	922.009798	724.347
45.3	1046.96068564925	3385.61
45.3	1047.95720383283	1395.51
45.3	1048.96596571609	711.442
45.3	1345.9338459597	2401.09
45.3	1346.93806446269	1037.95
45.3	1347.93233528332	758.978
45.3	1644.92471815807	946.348
47.22	75.0236464841712	132.087
48.66	51.0234425156161	236.125
48.66	52.0163390969407	142.314
48.66	63.02351085119	192.001
48.66	64.0301686322492	431.453
48.66	75.0219617354318	5071.81
48.66	75.0954744031596	144.498
48.66	76.0283303367549	442.118
48.66	92.0244679638423	3562.64
48.66	93.02906757487	325.088
48.66	122.021530408394	3610.06
48.66	123.020265740144	474.269
48.66	501.489470552079	157.671
49.2	116.049234271535	743.634
49.2	122.023353111084	645.983
49.2	150.028880744118	3666.04
49.2	449.009751821044	5918.51
49.2	450.011219903104	765.752
49.2	747.992614477704	4338.9
49.2	748.992390876357	1138.8
49.2	749.981402018837	676.368
49.2	922.009798	836.509
49.2	1046.97409309867	4688.48
49.2	1047.98065604073	2176.76
49.2	1048.97837265617	1211.03
49.2	1345.95968683935	3240.38
49.2	1346.95732749508	1396.62
49.2	1347.959110522	948.242
49.2	1644.93416547687	1184.06
49.2	1645.94811920118	651.505
49.2	1646.93793491023	574.223
49.2	1943.91227302041	653.363
51.12	51.0234388239458	167.429
52.5	51.0234535106803	229.738
52.5	63.0223769020946	225.083
52.5	64.0306162147461	663.595
52.5	74.0198281293776	101.636
52.5	75.0223927234589	4982.71
52.5	75.0957985507708	144.15
52.5	76.0268867387129	340.042
52.5	77.0255947775405	169.062
52.5	92.0258938913513	4361.9
52.5	92.1083856487054	137.256
52.5	93.0281680859651	186.983
52.5	122.022731252564	3094.81
52.5	123.022805279588	148.552
53.04	111.0917	637.533
53.04	116.051621931003	733.233
53.04	150.031966210372	2276.18
53.04	449.010800956198	4547.85
53.04	450.013411593344	841.415
53.04	747.994087028437	2619.12
53.04	749.002212521524	897.441
53.04	922.009798058764	1464
53.04	1046.97869235373	2975.12
53.04	1047.97898942856	984.752
53.04	1048.98651345511	607.8
53.04	1345.96571745063	1739.08
53.04	1346.95669064821	868.767
53.04	1347.96276206828	826.248
53.04	1644.94055132119	824.603
56.4	44.9989375535684	187.094
56.4	63.0239267439664	154.118
56.4	64.0324222668467	323.454
56.4	75.0240321950729	2244.08
56.4	76.0293202102175	163.237
56.4	77.0270491304196	119.926
56.4	92.0273352218716	1908.93
56.4	93.0280738780814	109.757
56.4	122.025576127947	1835.03
56.4	123.026626051865	106.618
56.4	254.08225999932	145.397
56.94	150.030678283971	1772.41
56.94	449.008860027013	2288.51
56.94	747.988708021015	1176.19
56.94	922.009798220501	1081.6
56.94	1046.97927965304	1464.61
56.94	1047.99106258008	970.785
56.94	1218.91231199428	513.164
56.94	1345.95681186102	1072.07
58.86	51.3318059675141	150.178
60.3	51.0238354083167	111.52
60.3	64.0315331447546	179.108
60.3	75.0239874100038	1584.05
60.3	76.024561931859	199.617
60.3	92.0259781072352	958.271
60.3	93.025483050355	240.683
60.3	122.024950714135	1094.88
60.84	150.03066462971	1259.84
60.84	297.140764608317	826.261
60.84	449.007272312305	1552.87
60.84	747.992678705722	1254.68
60.84	922.009798	914.445
60.84	1046.97644132211	1185.56
60.84	1345.95818269282	743.123
62.76	890.141990819448	113.765
64.14	75.0235946701361	1733.79
64.14	76.0293018819243	100.225
64.14	92.0256407215807	858.873
64.14	93.0308131070384	110.32
64.14	122.022148801166	832.805
64.14	123.021312147327	122.595
64.14	644.500122124225	270.166
64.14	861.509904541335	272.496
64.68	111.0917	592.417
64.68	150.027896662296	1280.8
64.68	297.142065486828	640.577
64.68	449.005204132323	1827.46
64.68	747.991826840423	926.573
64.68	922.009798100292	992.895
64.68	1046.98303497382	1106.11
64.68	1218.92422659776	510.356
64.68	1345.95645411324	545.838
